4039 0.92
2.50019 1.2375 0.0000
2.50081 1.2372 0.0000
2.50138 1.2372 0.00025868
2.502 1.2372 0.0000
2.50263 1.2370 0.0000
2.50319 1.2367 0.0000
2.50382 1.2367 0.00023365
2.50445 1.2366 0.0000
2.50501 1.2365 0.00022244
2.50564 1.2363 0.0000
2.50627 1.2361 0.00020838
2.50683 1.2361 0.00020599
2.50746 1.2361 0.00020218
2.50809 1.2359 0.0000
2.50865 1.2358 0.00018811
2.50928 1.2356 0.0000
2.50985 1.2355 0.00017405
2.51048 1.2355 0.00017095
2.51111 1.2353 0.0000
2.51168 1.2351 0.00015497
2.51231 1.2350 0.00015068
2.51294 1.2350 0.00014520
2.51351 1.2349 0.00014091
2.51414 1.2349 0.00013661
2.51477 1.2347 0.0000
2.51534 1.2344 0.0000
2.51598 1.2342 0.00011063
2.51661 1.2342 0.00010681
2.51718 1.2342 0.00010371
2.51781 1.2340 0.0000
2.51838 1.2337 0.0000
2.51902 1.2335 7.6771e-05
2.51965 1.2335 7.2241e-05
2.52022 1.2334 6.7711e-05
2.52086 1.2334 6.2466e-05
2.5215 1.2331 0.0000
2.52207 1.2329 4.4107e-05
2.5227 1.2328 3.9101e-05
2.52334 1.2327 3.2663e-05
2.52391 1.2326 2.6703e-05
2.52455 1.2325 2.0027e-05
2.52519 1.2324 1.3113e-05
2.52576 1.2323 7.1526e-06
2.5264 1.2321 4.7684e-07
2.52698 1.2320 0.0000
2.52761 1.2320 0.0000
2.52825 1.2317 0.0000
2.52883 1.2315 0.0000
2.52947 1.2314 0.0000
2.53011 1.2313 0.0000
2.53068 1.2313 0.0000
2.53133 1.2310 0.0000
2.53197 1.2308 0.0000
2.53254 1.2307 0.0000
2.53318 1.2306 0.0000
2.53383 1.2305 0.0000
2.5344 1.2305 0.0000
2.53505 1.2302 0.0000
2.53569 1.2301 0.0000
2.53627 1.2299 0.0000
2.53691 1.2297 0.0000
2.53749 1.2296 0.0000
2.53814 1.2295 0.0000
2.53878 1.2293 0.0000
2.53936 1.2291 0.0000
2.54001 1.2290 0.0000
2.54065 1.2289 0.0000
2.54123 1.2288 0.0000
2.54188 1.2286 0.0000
2.54252 1.2285 0.0000
2.54311 1.2284 0.0000
2.54375 1.2284 0.0000
2.5444 1.2282 0.0000
2.54498 1.2279 0.0000
2.54563 1.2277 0.0000
2.54621 1.2274 0.0000
2.54686 1.2273 0.0000
2.54751 1.2273 0.0000
2.5481 1.2272 0.0000
2.54874 1.2268 0.0000
2.54939 1.2267 0.0000
2.54998 1.2265 0.0000
2.55063 1.2263 0.0000
2.55128 1.2263 0.0000
2.55187 1.2262 0.0000
2.55252 1.2261 0.0000
2.55317 1.2260 0.0000
2.55376 1.2257 0.0000
2.55441 1.2255 0.0000
2.555 1.2252 0.0000
2.55565 1.2251 0.0000
2.5563 1.2250 0.0000
2.55689 1.2248 0.0000
2.55754 1.2247 0.0000
2.5582 1.2245 0.0000
2.55879 1.2242 0.0000
2.55944 1.2240 0.0000
2.5601 1.2237 0.0000
2.56069 1.2235 0.0000
2.56134 1.2235 0.0000
2.562 1.2234 0.0000
2.56259 1.2232 0.0000
2.56325 1.2231 0.0000
2.56391 1.2231 0.0000
2.5645 1.2228 0.0000
2.56515 1.2226 0.0000
2.56575 1.2224 0.0000
2.56641 1.2224 0.0000
2.56706 1.2222 0.0000
2.56766 1.2219 0.0000
2.56832 1.2218 0.0000
2.56898 1.2215 0.0000
2.56957 1.2215 0.0000
2.57023 1.2213 0.0000
2.57089 1.2211 0.0000
2.57149 1.2208 0.0000
2.57215 1.2206 0.0000
2.57281 1.2206 0.0000
2.57341 1.2205 0.0000
2.57407 1.2203 0.0000
2.57467 1.2200 0.0000
2.57533 1.2199 0.0000
2.57599 1.2196 0.0000
2.57659 1.2194 0.0000
2.57725 1.2194 0.0000
2.57792 1.2191 0.0000
2.57852 1.2188 0.0000
2.57918 1.2186 0.0000
2.57985 1.2184 0.0000
2.58045 1.2182 0.0000
2.58111 1.2181 0.0000
2.58178 1.2179 0.0000
2.58238 1.2175 0.0000
2.58304 1.2173 0.0000
2.58371 1.2173 0.0000
2.58431 1.2172 0.0000
2.58498 1.2171 0.0000
2.58558 1.2167 0.0000
2.58625 1.2164 0.0000
2.58692 1.2163 0.0000
2.58752 1.2161 0.0000
2.58819 1.2158 0.0000
2.58886 1.2157 0.0000
2.58947 1.2155 0.0000
2.59014 1.2152 0.0000
2.59081 1.2149 0.0000
2.59141 1.2146 0.0000
2.59208 1.2146 0.0000
2.59276 1.2144 0.0000
2.59336 1.2140 0.0000
2.59403 1.2141 0.0000
2.59464 1.2140 0.0000
2.59531 1.2139 0.0000
2.59599 1.2136 0.0000
2.59659 1.2133 0.0000
2.59727 1.2132 0.0000
2.59794 1.2129 0.0000
2.59855 1.2126 0.0000
2.59923 1.2125 0.0000
2.5999 1.2123 0.0000
2.60051 1.2119 0.0000
2.60119 1.2117 0.0000
2.60186 1.2116 0.0000
2.60247 1.2113 0.0000
2.60315 1.2112 0.0000
2.60376 1.2108 0.0000
2.60444 1.2105 0.0000
2.60512 1.2104 0.0000
2.60573 1.2102 0.0000
2.60641 1.2099 0.0000
2.60709 1.2097 0.0000
2.6077 1.2093 0.0000
2.60838 1.2091 0.0000
2.60906 1.2090 0.0000
2.60967 1.2087 0.0000
2.61035 1.2085 0.0000
2.61103 1.2084 0.0000
2.61165 1.2080 0.0000
2.61233 1.2078 0.0000
2.61301 1.2076 0.0000
2.61363 1.2071 0.0000
2.61431 1.2069 0.0000
2.61493 1.2066 0.0000
2.61561 1.2065 0.0000
2.61629 1.2065 0.0000
2.61691 1.2061 0.0000
2.6176 1.2057 0.0000
2.61828 1.2055 0.0000
2.6189 1.2053 0.0000
2.61958 1.2051 0.0000
2.62027 1.2050 0.0000
2.62089 1.2048 0.0000
2.62158 1.2046 0.0000
2.62226 1.2043 0.0000
2.62288 1.2038 0.0000
2.62357 1.2036 0.0000
2.62426 1.2034 0.0000
2.62488 1.2029 0.0000
2.62557 1.2027 0.0000
2.62619 1.2024 0.0000
2.62688 1.2022 0.0000
2.62757 1.2020 0.0000
2.62819 1.2016 0.0000
2.62888 1.2013 0.0000
2.62957 1.2013 0.0000
2.63019 1.2010 0.0000
2.63089 1.2007 0.0000
2.63158 1.2005 0.0000
2.6322 1.2000 0.0000
2.6329 1.1998 0.0000
2.63359 1.1997 0.0000
2.63421 1.1993 0.0000
2.63491 1.1992 0.0000
2.63553 1.1987 0.0000
2.63623 1.1986 0.0000
2.63692 1.1984 0.0000
2.63755 1.1979 0.0000
2.63824 1.1975 0.0000
2.63894 1.1974 0.0000
2.63957 1.1970 0.0000
2.64026 1.1966 0.0000
2.64096 1.1964 0.0000
2.64159 1.1961 0.0000
2.64229 1.1959 0.0000
2.64299 1.1955 0.0000
2.64361 1.1950 0.0000
2.64431 1.1950 0.0000
2.64494 1.1946 0.0000
2.64564 1.1945 0.0000
2.64634 1.1943 0.0000
2.64697 1.1937 0.0000
2.64767 1.1934 0.0000
2.64838 1.1932 0.0000
2.64901 1.1926 0.0000
2.64971 1.1924 0.0000
2.65041 1.1920 0.0000
2.65104 1.1916 0.0000
2.65175 1.1914 0.0000
2.65245 1.1911 0.0000
2.65308 1.1908 0.0000
2.65379 1.1906 0.0000
2.65449 1.1903 0.0000
2.65513 1.1897 0.0000
2.65583 1.1895 0.0000
2.65647 1.1889 0.0000
2.65717 1.1886 0.0000
2.65788 1.1883 0.0000
2.65851 1.1877 0.0000
2.65922 1.1876 0.0000
2.65993 1.1874 0.0000
2.66057 1.1867 0.0000
2.66127 1.1867 0.0000
2.66198 1.1865 0.0000
2.66262 1.1857 0.0000
2.66333 1.1853 0.0000
2.66404 1.1851 0.0000
2.66468 1.1846 0.0000
2.66539 1.1844 0.0000
2.66603 1.1837 0.0000
2.66674 1.1836 0.0000
2.66745 1.1834 0.0000
2.66809 1.1828 0.0000
2.6688 1.1825 0.0000
2.66951 1.1821 0.0000
2.67016 1.1815 0.0000
2.67087 1.1814 0.0000
2.67158 1.1810 0.0000
2.67222 1.1803 0.0000
2.67294 1.1800 0.0000
2.67365 1.1797 0.0000
2.6743 1.1790 0.0000
2.67501 1.1787 0.0000
2.67566 1.1781 0.0000
2.67637 1.1778 0.0000
2.67709 1.1775 0.0000
2.67773 1.1768 0.0000
2.67845 1.1765 0.0000
2.67917 1.1762 0.0000
2.67982 1.1754 0.0000
2.68053 1.1751 0.0000
2.68125 1.1747 0.0000
2.6819 1.1738 0.0000
2.68262 1.1734 0.0000
2.68334 1.1731 0.0000
2.68399 1.1724 0.0000
2.68471 1.1719 0.0000
2.68543 1.1714 0.0000
2.68608 1.1708 0.0000
2.6868 1.1707 0.0000
2.68745 1.1699 0.0000
2.68817 1.1696 0.0000
2.68889 1.1693 0.0000
2.68955 1.1687 0.0000
2.69027 1.1686 0.0000
2.69099 1.1683 0.0000
2.69165 1.1677 0.0000
2.69237 1.1673 0.0000
2.69309 1.1671 0.0000
2.69375 1.1666 0.0000
2.69447 1.1662 0.0000
2.6952 1.1658 0.0000
2.69585 1.1650 0.0000
2.69658 1.1648 0.0000
2.69724 1.1639 0.0000
2.69796 1.1635 0.0000
2.69869 1.1632 0.0000
2.69935 1.1625 0.0000
2.70008 1.1620 0.0000
2.7008 1.1616 0.0000
2.70146 1.1610 0.0000
2.70219 1.1606 0.0000
2.70292 1.1603 0.0000
2.70358 1.1597 0.0000
2.70431 1.1592 0.0000
2.70504 1.1589 0.0000
2.7057 1.1583 0.0000
2.70643 1.1579 0.0000
2.70717 1.1575 0.0000
2.70783 1.1567 0.0000
2.70856 1.1564 0.0000
2.70922 1.1557 0.0000
2.70995 1.1552 0.0000
2.71069 1.1548 0.0000
2.71135 1.1542 0.0000
2.71209 1.1537 0.0000
2.71282 1.1532 0.0000
2.71348 1.1523 0.0000
2.71422 1.1518 0.0000
2.71496 1.1513 0.0000
2.71562 1.1504 0.0000
2.71636 1.1498 0.0000
2.7171 1.1492 0.0000
2.71776 1.1482 0.0000
2.7185 1.1477 0.0000
2.71916 1.1468 0.0000
2.7199 1.1463 0.0000
2.72064 1.1458 0.0000
2.72131 1.1449 0.0000
2.72205 1.1443 0.0000
2.72279 1.1437 0.0000
2.72346 1.1428 0.0000
2.7242 1.1422 0.0000
2.72494 1.1416 0.0000
2.72561 1.1407 0.0000
2.72636 1.1400 0.0000
2.7271 1.1394 0.0000
2.72777 1.1386 0.0000
2.72851 1.1379 0.0000
2.72918 1.1370 0.0000
2.72993 1.1363 0.0000
2.73067 1.1357 0.0000
2.73134 1.1348 0.0000
2.73209 1.1340 0.0000
2.73284 1.1333 0.0000
2.73351 1.1322 0.0000
2.73426 1.1315 0.0000
2.73501 1.1310 0.0000
2.73568 1.1301 0.0000
2.73643 1.1293 0.0000
2.73718 1.1285 0.0000
2.73785 1.1275 0.0000
2.7386 1.1267 0.0000
2.73935 1.1261 0.0000
2.74003 1.1253 0.0000
2.74078 1.1245 0.0000
2.74145 1.1237 0.0000
2.74221 1.1229 0.0000
2.74296 1.1220 0.0000
2.74363 1.1211 0.0000
2.74439 1.1202 6.5804e-05
2.74514 1.1194 0.00036240
2.74582 1.1186 0.00026798
2.74657 1.1177 0.00054216
2.74733 1.1167 0.00082207
2.74801 1.1161 0.0011420
2.74876 1.1151 0.0010233
2.74952 1.1140 0.0012860
2.7502 1.1133 0.0015945
2.75096 1.1123 0.0018620
2.75164 1.1117 0.0021918
2.75239 1.1107 0.0020614
2.75315 1.1095 0.0023112
2.75383 1.1087 0.0026162
2.75459 1.1078 0.0033054
2.75535 1.1068 0.0031757
2.75604 1.1061 0.0034971
2.7568 1.1050 0.0037613
2.75756 1.1039 0.0040197
2.75824 1.1034 0.0043664
2.759 1.1022 0.0042021
2.75976 1.1009 0.0048554
2.76045 1.1004 0.0047774
2.76121 1.0991 0.0054300
2.76197 1.0979 0.0056806
2.76266 1.0974 0.0060375
2.76342 1.0959 0.0062418
2.76411 1.0955 0.0065994
2.76488 1.0941 0.0068359
2.76564 1.0926 0.0070462
2.76633 1.0923 0.0078321
2.76709 1.0910 0.0080833
2.76786 1.0896 0.0083079
2.76855 1.0893 0.0086851
2.76932 1.0878 0.0088961
2.77008 1.0863 0.0095272
2.77077 1.0861 0.0099330
2.77154 1.0846 0.010150
2.77231 1.0829 0.010330
2.773 1.0827 0.011159
2.77377 1.0806 0.011282
2.77446 1.0805 0.012130
2.77523 1.0789 0.012335
2.776 1.0772 0.012950
2.7767 1.0771 0.013384
2.77747 1.0755 0.014016
2.77824 1.0737 0.014185
2.77894 1.0737 0.015074
2.77971 1.0720 0.015255
2.78048 1.0700 0.015836
2.78118 1.0702 0.016762
2.78195 1.0684 0.016937
2.78272 1.0663 0.017507
2.78342 1.0666 0.018448
2.7842 1.0648 0.019080
2.78497 1.0627 0.019211
2.78567 1.0630 0.020171
2.78645 1.0600 0.020612
2.78715 1.0605 0.021608
2.78792 1.0585 0.022214
2.7887 1.0563 0.022778
2.7894 1.0569 0.023812
2.79018 1.0549 0.024414
2.79096 1.0525 0.024971
2.79166 1.0533 0.026042
2.79244 1.0512 0.026637
2.79322 1.0487 0.027181
2.79392 1.0496 0.028286
2.7947 1.0473 0.028865
2.79548 1.0445 0.029375
2.79619 1.0458 0.031012
2.79697 1.0420 0.031359
2.79767 1.0433 0.032549
2.79846 1.0408 0.033110
2.79924 1.0379 0.034105
2.79994 1.0395 0.035349
2.80073 1.0369 0.035903
2.80151 1.0339 0.036891
2.80222 1.0356 0.038170
2.803 1.0329 0.039234
2.80379 1.0299 0.039744
2.8045 1.0317 0.041054
2.80529 1.0288 0.042090
2.80607 1.0256 0.043088
2.80678 1.0280 0.044504
2.80757 1.0229 0.045194
2.80828 1.0252 0.046628
2.80907 1.0221 0.047669
2.80986 1.0186 0.048643
2.81057 1.0214 0.050683
2.81136 1.0183 0.051229
2.81215 1.0145 0.052181
2.81286 1.0174 0.054265
2.81365 1.0142 0.055341
2.81444 1.0104 0.056325
2.81516 1.0138 0.058526
2.81595 1.0105 0.059069
2.81674 1.0063 0.060019
2.81746 1.0098 0.062261
2.81825 1.0063 0.063336
2.81905 1.0021 0.064311
2.81976 1.0061 0.066670
2.82056 0.99909 0.067192
2.82127 1.0032 0.069583
2.82207 0.99949 0.071249
2.82287 0.99516 0.072258
2.82358 0.99982 0.074769
2.82438 0.99598 0.075885
2.82518 0.99129 0.076869
2.8259 0.99609 0.079432
2.8267 0.99209 0.081144
2.82749 0.98736 0.082163
2.82821 0.99282 0.084862
2.82901 0.98852 0.085981
2.82981 0.98351 0.087595
2.83054 0.98978 0.090451
2.83134 0.98101 0.090890
2.83206 0.98720 0.093751
2.83286 0.98280 0.095541
2.83366 0.97756 0.096595
2.83439 0.98413 0.099542
2.83519 0.97958 0.10137
2.83599 0.97420 0.10245
2.83672 0.98136 0.10551
2.83752 0.97648 0.10671
2.83833 0.97067 0.10841
2.83905 0.97848 0.11160
2.83986 0.97343 0.11282
2.84067 0.96743 0.11457
2.84139 0.97578 0.11785
2.8422 0.97059 0.11911
2.84301 0.96445 0.12090
2.84374 0.97372 0.12434
2.84455 0.96238 0.12474
2.84527 0.97154 0.12817
2.84608 0.96619 0.13019
2.84689 0.95982 0.13138
2.84762 0.96948 0.13490
2.84843 0.96373 0.13623
2.84925 0.95694 0.13813
2.84998 0.96736 0.14176
2.85079 0.96156 0.14315
2.8516 0.95439 0.14436
2.85233 0.96520 0.14877
2.85315 0.95942 0.15023
2.85396 0.95232 0.15153
2.8547 0.96413 0.15535
2.85551 0.95032 0.15582
2.85625 0.96214 0.15964
2.85706 0.95578 0.16188
2.85788 0.94838 0.16327
2.85861 0.96083 0.16716
2.85943 0.95421 0.16870
2.86025 0.94627 0.17009
2.86098 0.95900 0.17402
2.8618 0.95215 0.17638
2.86262 0.94421 0.17786
2.86336 0.95785 0.18188
2.86418 0.95074 0.18351
2.865 0.94218 0.18500
2.86574 0.95690 0.18993
2.86656 0.94069 0.19064
2.8673 0.95576 0.19480
2.86812 0.94816 0.19652
2.86895 0.93941 0.19897
2.86969 0.95508 0.20317
2.87051 0.94743 0.20498
2.87134 0.93838 0.20667
2.87208 0.95433 0.21086
2.8729 0.94636 0.21358
2.87373 0.93734 0.21538
2.87447 0.95426 0.21963
2.8753 0.94606 0.22158
2.87613 0.93631 0.22341
2.87687 0.95399 0.22857
2.8777 0.94582 0.23063
2.87853 0.93630 0.23259
2.87927 0.95532 0.23693
2.8801 0.93549 0.23815
2.88085 0.95474 0.24248
2.88168 0.94574 0.24463
2.88251 0.93562 0.24766
2.88326 0.95570 0.25200
2.88409 0.94676 0.25427
2.88492 0.93654 0.25649
2.88567 0.95714 0.26079
2.8865 0.94783 0.26315
2.88734 0.93738 0.26547
2.88809 0.95882 0.26976
2.88892 0.94928 0.27222
2.88976 0.93870 0.27465
2.89051 0.96173 0.27896
2.89134 0.93923 0.28084
2.8921 0.96257 0.28413
2.89293 0.95234 0.28673
2.89377 0.94122 0.28933
2.89452 0.96485 0.29355
2.89536 0.95484 0.29628
2.8962 0.94358 0.29797
2.89696 0.96767 0.30212
2.89779 0.95712 0.30495
2.89863 0.94589 0.30779
2.89939 0.97117 0.31086
2.90023 0.96016 0.31378
2.90107 0.94872 0.31673
2.90183 0.97486 0.31973
2.90267 0.96377 0.32276
2.90352 0.95206 0.32474
2.90428 0.97953 0.32875
2.90512 0.95322 0.33048
2.90588 0.98129 0.33444
2.90672 0.97004 0.33657
2.90757 0.95771 0.33870
2.90833 0.98561 0.34257
2.90918 0.97384 0.34478
2.91002 0.96153 0.34814
2.91078 0.99067 0.35080
2.91163 0.97860 0.35310
2.91248 0.96575 0.35543
2.91324 0.99530 0.35914
2.91409 0.98334 0.36154
2.91494 0.97088 0.36396
2.91571 1.0018 0.36643
2.91656 0.97276 0.36892
2.91732 1.0042 0.37132
2.91817 0.99147 0.37386
2.91903 0.97849 0.37643
2.91979 1.0097 0.37874
2.92065 0.99660 0.38136
2.9215 0.98337 0.38402
2.92227 1.0153 0.38622
2.92312 1.0020 0.38894
2.92398 0.98867 0.39170
2.92475 1.0214 0.39379
2.9256 1.0083 0.39659
2.92646 0.99481 0.39820
2.92723 1.0277 0.40020
2.92809 1.0142 0.40308
2.92894 1.0006 0.40475
2.92972 1.0349 0.40664
2.93057 1.0031 0.41002
2.93135 1.0380 0.41058
2.93221 1.0240 0.41360
2.93307 1.0099 0.41539
2.93384 1.0442 0.41713
2.9347 1.0300 0.42023
2.93556 1.0159 0.42209
2.93634 1.0512 0.42372
2.9372 1.0365 0.42562
2.93807 1.0223 0.42883
2.93884 1.0582 0.42907
2.93971 1.0430 0.43104
2.94057 1.0286 0.43433
2.94135 1.0655 0.43444
2.94221 1.0315 0.43849
2.94299 1.0692 0.43852
2.94386 1.0541 0.44058
2.94473 1.0389 0.44267
2.94551 1.0759 0.44398
2.94638 1.0606 0.44610
2.94724 1.0457 0.44823
2.94803 1.0826 0.44813
2.9489 1.0669 0.45166
2.94977 1.0522 0.45384
2.95055 1.0900 0.45362
2.95142 1.0741 0.45587
2.95229 1.0589 0.45811
2.95308 1.0974 0.45779
2.95395 1.0613 0.46244
2.95473 1.1010 0.46201
2.95561 1.0852 0.46433
2.95648 1.0698 0.46666
2.95727 1.1087 0.46620
2.95814 1.0922 0.46860
2.95902 1.0767 0.47098
2.95981 1.1158 0.47045
2.96068 1.0992 0.47290
2.96156 1.0835 0.47533
2.96235 1.1230 0.47471
2.96323 1.1063 0.47720
2.9641 1.0907 0.47967
2.9649 1.1318 0.47889
2.96577 1.0941 0.48123
2.96657 1.1345 0.48046
2.96745 1.1175 0.48304
2.96833 1.1013 0.48559
2.96912 1.1417 0.48477
2.97 1.1244 0.48741
2.97089 1.1084 0.48999
2.97168 1.1494 0.48907
2.97256 1.1319 0.49032
2.97345 1.1153 0.49297
2.97424 1.1560 0.49202
2.97513 1.1385 0.49474
2.97601 1.1225 0.49740
2.97681 1.1637 0.49491
2.9777 1.1454 0.49771
2.97858 1.1291 0.50042
2.97938 1.1714 0.49926
2.98027 1.1323 0.50349
2.98107 1.1752 0.50079
2.98196 1.1570 0.50365
2.98285 1.1404 0.50643
2.98365 1.1827 0.50519
2.98454 1.1646 0.50660
2.98543 1.1475 0.50944
2.98623 1.1896 0.50817
2.98713 1.1718 0.51107
2.98802 1.1550 0.51244
2.98882 1.1973 0.51111
2.98972 1.1790 0.51407
2.99061 1.1622 0.51546
2.99141 1.2045 0.51409
2.99231 1.1860 0.51710
2.99321 1.1696 0.52000
2.99401 1.2136 0.51694
2.99491 1.1724 0.52165
2.99572 1.2172 0.52003
2.99661 1.1987 0.52158
2.99751 1.1814 0.52457
2.99832 1.2251 0.52299
2.99922 1.2064 0.52458
3.00012 1.1889 0.52761
3.00093 1.2331 0.52595
3.00183 1.2141 0.52758
3.00273 1.1966 0.53065
3.00354 1.2410 0.52892
3.00445 1.2221 0.53057
3.00535 1.2048 0.53366
3.00616 1.2504 0.53179
3.00707 1.2087 0.53526
3.00788 1.2546 0.53335
3.00879 1.2358 0.53503
3.00969 1.2185 0.53816
3.01051 1.2630 0.53477
3.01141 1.2436 0.53806
3.01232 1.2267 0.54119
3.01314 1.2719 0.53769
3.01405 1.2527 0.54100
3.01495 1.2355 0.54260
3.01577 1.2808 0.54063
3.01668 1.2617 0.54238
3.01759 1.2446 0.54556
3.01841 1.2914 0.54186
3.01932 1.2485 0.54559
3.02014 1.2953 0.54345
3.02106 1.2762 0.54523
3.02197 1.2591 0.54844
3.02279 1.3052 0.54474
3.02371 1.2859 0.54655
3.02462 1.2680 0.54825
3.02544 1.3136 0.54614
3.02636 1.2943 0.54797
3.02728 1.2771 0.55122
3.0281 1.3235 0.54743
3.02902 1.3041 0.54927
3.02994 1.2865 0.55097
3.03076 1.3326 0.54877
3.03168 1.3137 0.55059
3.0326 1.2967 0.55224
3.03343 1.3438 0.54835
3.03435 1.3008 0.55224
3.03518 1.3478 0.54834
3.0361 1.3287 0.55179
3.03702 1.3120 0.55343
3.03785 1.3585 0.54954
3.03877 1.3392 0.55141
3.0397 1.3220 0.55310
3.04053 1.3683 0.54922
3.04146 1.3491 0.55109
3.04238 1.3320 0.55278
3.04321 1.3784 0.54886
3.04414 1.3595 0.55071
3.04507 1.3425 0.55079
3.0459 1.3891 0.54686
3.04683 1.3463 0.55081
3.04767 1.3937 0.54681
3.04859 1.3748 0.54866
3.04952 1.3581 0.55031
3.05036 1.4042 0.54482
3.05129 1.3846 0.54674
3.05222 1.3676 0.54842
3.05306 1.4139 0.54449
3.05399 1.3948 0.54479
3.05493 1.3780 0.54646
3.05577 1.4236 0.54101
3.0567 1.4043 0.54290
3.05764 1.3872 0.54303
3.05848 1.4324 0.53919
3.05941 1.4136 0.54104
3.06035 1.3971 0.54112
3.06119 1.4432 0.53719
3.06213 1.4015 0.53951
3.06297 1.4480 0.53555
3.06391 1.4296 0.53581
3.06485 1.4127 0.53595
3.0657 1.4574 0.53214
3.06664 1.4388 0.53244
3.06758 1.4218 0.53258
3.06843 1.4663 0.52880
3.06937 1.4477 0.52910
3.07031 1.4309 0.52924
3.07116 1.4752 0.52548
3.0721 1.4568 0.52576
3.07305 1.4407 0.52585
3.0739 1.4853 0.52056
3.07484 1.4441 0.52287
3.07569 1.4891 0.51905
3.07664 1.4711 0.51932
3.07759 1.4551 0.51941
3.07844 1.4984 0.51426
3.07939 1.4800 0.51458
3.08034 1.4638 0.51469
3.08119 1.5066 0.50960
3.08214 1.4883 0.50992
3.08309 1.4722 0.51004
3.08394 1.5146 0.50501
3.0849 1.4965 0.50532
3.08585 1.4808 0.50541
3.08671 1.5237 0.50035
3.08766 1.4846 0.50251
3.08852 1.5280 0.49742
3.08947 1.5101 0.49630
3.09043 1.4941 0.49643
3.09129 1.5351 0.49158
3.09224 1.5175 0.49188
3.0932 1.5023 0.49195
3.09406 1.5430 0.48574
3.09502 1.5250 0.48608
3.09598 1.5096 0.48619
3.09684 1.5502 0.48141
3.0978 1.5328 0.48033
3.09876 1.5173 0.48045
3.09962 1.5573 0.47575
3.10058 1.5401 0.47468
3.10154 1.5250 0.47478
3.10241 1.5655 0.47006
3.10337 1.5290 0.47068
3.10424 1.5685 0.46472
3.1052 1.5515 0.46501
3.10617 1.5370 0.46508
3.10704 1.5757 0.45922
3.108 1.5587 0.45821
3.10897 1.5439 0.45832
3.10984 1.5817 0.45258
3.11081 1.5652 0.45286
3.11177 1.5510 0.45163
3.11265 1.5879 0.44601
3.11362 1.5716 0.44628
3.11459 1.5576 0.44506
3.11546 1.5948 0.43946
3.11643 1.5602 0.44131
3.1173 1.5978 0.43569
3.11828 1.5820 0.43469
3.11925 1.5678 0.43353
3.12012 1.6032 0.42816
3.1211 1.5874 0.42842
3.12207 1.5739 0.42724
3.12295 1.6091 0.42191
3.12393 1.5935 0.42094
3.1249 1.5799 0.41981
3.12578 1.6143 0.41459
3.12676 1.5990 0.41363
3.12774 1.5856 0.41251
3.12862 1.6202 0.40731
3.1296 1.5879 0.40783
3.13048 1.6223 0.40267
3.13146 1.6073 0.40057
3.13244 1.5941 0.40066
3.13332 1.6269 0.39451
3.1343 1.6118 0.39363
3.13529 1.5987 0.39257
3.13617 1.6307 0.38769
3.13716 1.6162 0.38678
3.13814 1.6038 0.38569
3.13903 1.6352 0.37978
3.14001 1.6207 0.37890
3.141 1.6082 0.37786
3.14189 1.6389 0.37206
3.14288 1.6245 0.37120
3.14386 1.6122 0.37017
3.14475 1.6431 0.36549
3.14574 1.6139 0.36483
3.14663 1.6442 0.36022
3.14762 1.6309 0.35933
3.14861 1.6190 0.35725
3.14951 1.6479 0.35279
3.1505 1.6345 0.35088
3.15149 1.6227 0.34989
3.15239 1.6509 0.34448
3.15338 1.6377 0.34365
3.15438 1.6261 0.34164
3.15527 1.6537 0.33735
3.15627 1.6407 0.33550
3.15726 1.6296 0.33452
3.15816 1.6572 0.32925
3.15916 1.6303 0.32862
3.16006 1.6575 0.32442
3.16106 1.6450 0.32261
3.16206 1.6341 0.32166
3.16296 1.6602 0.31659
3.16396 1.6478 0.31481
3.16496 1.6368 0.31293
3.16586 1.6618 0.30897
3.16686 1.6500 0.30720
3.16787 1.6393 0.30533
3.16877 1.6636 0.30051
3.16977 1.6517 0.29973
3.17078 1.6416 0.29786
3.17168 1.6654 0.29311
3.17269 1.6537 0.29141
3.1737 1.6436 0.28960
3.1746 1.6669 0.28493
3.17561 1.6435 0.28520
3.17652 1.6670 0.28053
3.17753 1.6560 0.27885
3.17854 1.6463 0.27707
3.17945 1.6682 0.27258
3.18046 1.6572 0.27095
3.18147 1.6476 0.26920
3.18238 1.6689 0.26480
3.1834 1.6581 0.26320
3.18441 1.6486 0.26148
3.18532 1.6691 0.25719
3.18634 1.6589 0.25643
3.18735 1.6500 0.25385
3.18827 1.6702 0.24960
3.18928 1.6494 0.24895
3.1902 1.6695 0.24474
3.19122 1.6595 0.24318
3.19224 1.6507 0.24152
3.19315 1.6695 0.23745
3.19417 1.6597 0.23591
3.19519 1.6511 0.23427
3.19611 1.6694 0.23027
3.19714 1.6598 0.22875
3.19816 1.6516 0.22712
3.19908 1.6694 0.22319
3.2001 1.6600 0.22089
3.20113 1.6516 0.21931
3.20205 1.6686 0.21549
3.20307 1.6594 0.21401
3.2041 1.6516 0.21242
3.20503 1.6684 0.20864
3.20605 1.6510 0.20793
3.20698 1.6675 0.20342
3.20801 1.6586 0.20198
3.20904 1.6509 0.20044
3.20996 1.6663 0.19682
3.21099 1.6580 0.19536
3.21203 1.6506 0.19308
3.21295 1.6652 0.18956
3.21399 1.6569 0.18814
3.21502 1.6499 0.18661
3.21595 1.6640 0.18242
3.21699 1.6558 0.18103
3.21802 1.6488 0.17953
3.21895 1.6629 0.17611
3.21999 1.6477 0.17467
3.22092 1.6611 0.17132
3.22196 1.6534 0.16994
3.223 1.6470 0.16845
3.22393 1.6596 0.16449
3.22497 1.6519 0.16314
3.22601 1.6456 0.16167
3.22695 1.6575 0.15781
3.22799 1.6500 0.15647
3.22904 1.6437 0.15503
3.22997 1.6553 0.15192
3.23102 1.6482 0.14989
3.23206 1.6419 0.14848
3.233 1.6528 0.14546
3.23405 1.6461 0.14411
3.23509 1.6402 0.14202
3.23604 1.6506 0.13906
3.23708 1.6382 0.13829
3.23803 1.6487 0.13534
3.23908 1.6422 0.13336
3.24013 1.6364 0.13199
3.24107 1.6457 0.12916
3.24212 1.6395 0.12785
3.24317 1.6342 0.12645
3.24412 1.6431 0.12304
3.24517 1.6368 0.12176
3.24623 1.6314 0.12040
3.24717 1.6399 0.11770
3.24823 1.6339 0.11641
3.24929 1.6290 0.11503
3.25024 1.6371 0.11176
3.25129 1.6264 0.11096
3.25224 1.6344 0.10896
3.2533 1.6289 0.10705
3.25436 1.6238 0.10572
3.25531 1.6309 0.10321
3.25637 1.6253 0.10196
3.25744 1.6205 0.10124
3.25839 1.6275 0.098751
3.25945 1.6223 0.097475
3.26052 1.6177 0.096143
3.26147 1.6241 0.093732
3.26254 1.6190 0.092473
3.2636 1.6145 0.091155
3.26456 1.6204 0.088808
3.26563 1.6118 0.088505
3.26659 1.6179 0.086159
3.26765 1.6129 0.084910
3.26872 1.6087 0.084182
3.26968 1.6142 0.081910
3.27075 1.6094 0.080664
3.27182 1.6053 0.079937
3.27279 1.6104 0.077718
3.27386 1.6057 0.076481
3.27493 1.6015 0.075768
3.2759 1.6064 0.074168
3.27697 1.6020 0.072907
3.27804 1.5982 0.072173
3.27901 1.6026 0.070058
3.28009 1.5983 0.069379
3.28116 1.5947 0.068627
3.28213 1.5990 0.066541
3.28321 1.5920 0.066123
3.28418 1.5962 0.064614
3.28526 1.5922 0.063357
3.28634 1.5885 0.062629
3.28731 1.5922 0.061182
3.28839 1.5884 0.060474
3.28947 1.5851 0.059714
3.29045 1.5885 0.057750
3.29153 1.5846 0.057059
3.29261 1.5812 0.056318
3.29359 1.5843 0.054944
3.29468 1.5806 0.054234
3.29576 1.5773 0.053488
3.29674 1.5802 0.052143
3.29783 1.5746 0.052168
3.29881 1.5777 0.050810
3.29989 1.5743 0.050079
3.30098 1.5712 0.049325
3.30196 1.5737 0.048034
3.30306 1.5703 0.047841
3.30415 1.5674 0.047071
3.30513 1.5697 0.045802
3.30622 1.5664 0.045602
3.30732 1.5635 0.044838
3.3083 1.5658 0.044111
3.3094 1.5626 0.043370
3.31049 1.5597 0.043131
3.31148 1.5619 0.041892
3.31257 1.5569 0.041847
3.31356 1.5591 0.041140
3.31466 1.5561 0.040907
3.31576 1.5535 0.040641
3.31675 1.5555 0.039430
3.31785 1.5524 0.039212
3.31895 1.5495 0.038964
3.31994 1.5513 0.038301
3.32105 1.5484 0.038578
3.32215 1.5459 0.038301
3.32314 1.5478 0.037634
3.32425 1.5450 0.037896
3.32535 1.5426 0.037610
3.32635 1.5444 0.036949
3.32745 1.5416 0.037211
3.32856 1.5393 0.037433
3.32956 1.5414 0.036751
3.33067 1.5372 0.037135
3.33167 1.5393 0.036964
3.33278 1.5370 0.037184
3.33389 1.5349 0.037382
3.33489 1.5373 0.037188
3.336 1.5352 0.036874
3.33712 1.5332 0.037060
3.33812 1.5356 0.036357
3.33923 1.5335 0.036550
3.34035 1.5318 0.036197
3.34135 1.5342 0.035489
3.34247 1.5321 0.034657
3.34359 1.5300 0.034336
3.34459 1.5321 0.033663
3.34571 1.5286 0.033459
3.34672 1.5305 0.032288
3.34784 1.5281 0.031992
3.34896 1.5260 0.031675
3.34997 1.5276 0.031044
3.35109 1.5254 0.030738
3.35222 1.5232 0.030421
3.35323 1.5246 0.029814
3.35435 1.5223 0.030015
3.35548 1.5203 0.029691
3.35649 1.5218 0.029583
3.35762 1.5196 0.029268
3.35875 1.5175 0.029454
3.35976 1.5190 0.029345
3.36089 1.5170 0.029520
3.36202 1.5152 0.029680
3.36304 1.5170 0.029548
3.36417 1.5141 0.029801
3.36519 1.5159 0.029162
3.36632 1.5140 0.029331
3.36746 1.5123 0.029480
3.36848 1.5141 0.029348
3.36961 1.5125 0.029491
3.37075 1.5111 0.029614
3.37177 1.5131 0.028962
3.37291 1.5116 0.029099
3.37405 1.5103 0.028708
3.37507 1.5122 0.028065
3.37621 1.5106 0.027698
3.37735 1.5091 0.027320
3.37838 1.5109 0.026692
3.37952 1.5082 0.026412
3.38055 1.5099 0.025785
3.38169 1.5082 0.024922
3.38284 1.5065 0.024561
3.38387 1.5079 0.023967
3.38501 1.5061 0.023116
3.38616 1.5042 0.022767
3.38719 1.5052 0.022206
3.38834 1.5033 0.021862
3.38949 1.5015 0.021508
3.39052 1.5023 0.020967
3.39167 1.5002 0.020638
3.39282 1.4982 0.020799
3.39386 1.4988 0.020762
3.39501 1.4968 0.020921
3.39616 1.4950 0.021565
3.3972 1.4961 0.021997
3.39836 1.4937 0.022685
3.39939 1.4953 0.023084
3.40055 1.4940 0.023185
3.40171 1.4929 0.023780
3.40275 1.4947 0.023662
3.40391 1.4937 0.023751
3.40507 1.4928 0.023827
3.40611 1.4946 0.023210
3.40727 1.4935 0.023298
3.40843 1.4928 0.022864
3.40948 1.4943 0.021763
3.41064 1.4929 0.021374
3.4118 1.4917 0.020970
3.41285 1.4931 0.020385
3.41402 1.4909 0.019557
3.41507 1.4918 0.019001
3.41623 1.4902 0.018132
3.4174 1.4885 0.017768
3.41845 1.4891 0.017735
3.41962 1.4876 0.017358
3.42079 1.4862 0.017468
3.42185 1.4868 0.016939
3.42302 1.4852 0.017059
3.42419 1.4838 0.017165
3.42524 1.4845 0.017124
3.42642 1.4832 0.017225
3.42759 1.4820 0.017318
3.42865 1.4829 0.017267
3.42983 1.4810 0.017408
3.43088 1.4820 0.017351
3.43206 1.4809 0.017435
3.43324 1.4799 0.017508
3.4343 1.4809 0.016955
3.43548 1.4797 0.017046
3.43666 1.4788 0.017118
3.43773 1.4798 0.016567
3.43891 1.4787 0.016647
3.44009 1.4778 0.016223
3.44116 1.4785 0.015689
3.44234 1.4774 0.015774
3.44353 1.4764 0.015354
3.44459 1.4770 0.014830
3.44578 1.4758 0.014918
3.44697 1.4747 0.014504
3.44804 1.4753 0.014472
3.44923 1.4735 0.014101
3.4503 1.4742 0.014071
3.45149 1.4730 0.013661
3.45268 1.4719 0.013741
3.45375 1.4723 0.013227
3.45495 1.4711 0.013315
3.45614 1.4700 0.013388
3.45722 1.4705 0.012875
3.45841 1.4692 0.012962
3.45961 1.4681 0.013038
3.46069 1.4687 0.013011
3.46188 1.4676 0.012597
3.46308 1.4663 0.012680
3.46416 1.4668 0.012662
3.46536 1.4651 0.012772
3.46644 1.4656 0.012750
3.46765 1.4645 0.012824
3.46885 1.4634 0.012895
3.46993 1.4639 0.012873
3.47114 1.4629 0.012945
3.47234 1.4618 0.013015
3.47343 1.4623 0.012993
3.47464 1.4612 0.013067
3.47584 1.4600 0.013142
3.47693 1.4606 0.013610
3.47814 1.4598 0.013670
3.47935 1.4588 0.013733
3.48044 1.4594 0.013706
3.48165 1.4583 0.013779
3.48286 1.4573 0.014339
3.48396 1.4582 0.014300
3.48517 1.4565 0.014402
3.48626 1.4573 0.014860
3.48748 1.4565 0.014914
3.4887 1.4556 0.014973
3.48979 1.4564 0.014939
3.49101 1.4555 0.015496
3.49223 1.4548 0.015545
3.49333 1.4558 0.015500
3.49455 1.4549 0.015558
3.49577 1.4540 0.015615
3.49687 1.4549 0.015573
3.49809 1.4539 0.015636
3.49932 1.4532 0.016185
3.50042 1.4543 0.015633
3.50165 1.4526 0.015733
3.50275 1.4536 0.015691
3.50398 1.4526 0.015752
3.50521 1.4517 0.015810
3.50631 1.4526 0.015769
3.50754 1.4517 0.015830
3.50877 1.4507 0.015887
3.50988 1.4517 0.015844
3.51111 1.4506 0.015411
3.51235 1.4493 0.015490
3.51346 1.4500 0.015962
3.51469 1.4489 0.016026
3.51593 1.4476 0.016101
3.51704 1.4483 0.016577
3.51828 1.4464 0.017189
3.51939 1.4472 0.017658
3.52063 1.4461 0.018736
3.52187 1.4450 0.019811
3.52299 1.4468 0.021261
3.52423 1.4465 0.022303
3.52547 1.4462 0.022843
3.52659 1.4487 0.023757
3.52783 1.4487 0.024282
3.52908 1.4488 0.024803
3.5302 1.4517 0.024664
3.53145 1.4519 0.024669
3.5327 1.4522 0.024153
3.53382 1.4547 0.023001
3.53507 1.4544 0.022517
3.53632 1.4542 0.021514
3.53744 1.4562 0.020397
3.5387 1.4546 0.019474
3.53982 1.4562 0.018887
3.54108 1.4555 0.017917
3.54233 1.4548 0.016954
3.54346 1.4559 0.016394
3.54472 1.4550 0.015440
3.54597 1.4542 0.014991
3.54711 1.4552 0.014441
3.54836 1.4543 0.013490
3.54962 1.4534 0.013045
3.55076 1.4540 0.012516
3.55202 1.4531 0.012068
3.55328 1.4524 0.011616
3.55442 1.4529 0.011092
3.55568 1.4516 0.010668
3.55682 1.4521 0.010152
3.55809 1.4511 0.0097094
3.55935 1.4504 0.0097556
3.56049 1.4509 0.0092371
3.56176 1.4501 0.0087860
3.56303 1.4492 0.0083373
3.56417 1.4495 0.0083294
3.56544 1.4488 0.0078712
3.56672 1.4481 0.0074201
3.56786 1.4483 0.0074153
3.56913 1.4476 0.0069566
3.57041 1.4469 0.0065043
3.57156 1.4470 0.0065050
3.57283 1.4462 0.0060496
3.57411 1.4456 0.0060871
3.57526 1.4457 0.0055921
3.57654 1.4448 0.0056407
3.57769 1.4448 0.0051479
3.57897 1.4442 0.0051849
3.58025 1.4436 0.0047240
3.58141 1.4436 0.0047305
3.58269 1.4429 0.0042720
3.58397 1.4422 0.0043101
3.58513 1.4422 0.0043128
3.58641 1.4416 0.0038509
3.5877 1.4410 0.0038857
3.58886 1.4410 0.0038896
3.59015 1.4404 0.0034256
3.59144 1.4398 0.0034590
3.5926 1.4398 0.0034635
3.59389 1.4391 0.0030048
3.59505 1.4389 0.0030198
3.59635 1.4384 0.0030472
3.59764 1.4380 0.0030684
3.59881 1.4379 0.0025830
3.6001 1.4373 0.0026140
3.6014 1.4369 0.0026360
3.60257 1.4367 0.0021539
3.60386 1.4360 0.0021863
3.60516 1.4355 0.0022130
3.60633 1.4353 0.0022240
3.60763 1.4349 0.0022459
3.60894 1.4346 0.0022631
3.61011 1.4344 0.0017786
3.61141 1.4338 0.0018103
3.61259 1.4336 0.0018229
3.61389 1.4332 0.0018435
3.6152 1.4329 0.0018597
3.61637 1.4327 0.0013764
3.61768 1.4321 0.0014038
3.61899 1.4317 0.0014262
3.62017 1.4314 0.0014381
3.62148 1.4311 0.0014563
3.62279 1.4308 0.0014708
3.62398 1.4306 0.00098753
3.62529 1.4300 0.0010133
3.6266 1.4296 0.0010347
3.62779 1.4293 0.0010478
3.62911 1.4290 0.0010662
3.63042 1.4286 0.0010836
3.63161 1.4284 0.0010929
3.63293 1.4282 0.0011072
3.63412 1.4279 0.00062323
3.63544 1.4274 0.00064659
3.63676 1.4270 0.00066638
3.63795 1.4267 0.00067997
3.63928 1.4263 0.00069737
3.6406 1.4260 0.00071406
3.64179 1.4257 0.00072575
3.64312 1.4254 0.00074148
3.64445 1.4251 0.00075698
3.64564 1.4249 0.00076723
3.64697 1.4246 0.00078106
3.6483 1.4243 0.00079393
3.6495 1.4242 0.00079966
3.65083 1.4239 0.00031757
3.65203 1.4235 0.00033426
3.65337 1.4231 0.00035143
3.6547 1.4227 0.00036716
3.65591 1.4225 0.00037909
3.65724 1.4221 0.00039387
3.65858 1.4218 0.00040817
3.65979 1.4216 0.00041890
3.66113 1.4213 0.00043249
3.66247 1.4210 0.00044608
3.66367 1.4208 0.00045586
3.66502 1.4205 0.00046873
3.66636 1.4202 0.00048137
3.66757 1.4200 0.00049019
3.66892 1.4198 0.00050187
3.67026 1.4195 0.00051212
3.67148 1.4195 0.00051689
3.67282 1.4192 2.9802e-05
3.67404 1.4188 4.5300e-05
3.67539 1.4184 5.9605e-05
3.67674 1.4181 7.3433e-05
3.67796 1.4178 8.4400e-05
3.67931 1.4175 9.6798e-05
3.68067 1.4172 0.00010920
3.68189 1.4170 0.00011969
3.68324 1.4167 0.00013161
3.6846 1.4164 0.00014305
3.68582 1.4162 0.00015259
3.68718 1.4159 0.00016403
3.68854 1.4156 0.00017548
3.68976 1.4154 0.00018501
3.69113 1.4151 0.00019574
3.69235 1.4149 0.00020504
3.69372 1.4146 0.00021553
3.69508 1.4144 0.00022650
3.69631 1.4141 0.00023508
3.69768 1.4139 0.00024533
3.69905 1.4136 0.00025606
3.70028 1.4134 0.00026417
3.70165 1.4132 0.00027442
3.70302 1.4129 0.00028467
3.70425 1.4127 0.00029278
3.70563 1.4125 0.00030279
3.707 1.4122 0.00031233
3.70824 1.4120 0.00032020
3.70961 1.4118 0.00032997
3.71099 1.4115 0.00033951
3.71223 1.4113 0.00034690
3.71361 1.4111 0.00035715
3.71485 1.4109 0.00036407
3.71623 1.4106 0.00037384
3.71761 1.4104 0.00038290
3.71885 1.4102 0.00038981
3.72024 1.4100 0.00039911
3.72162 1.4097 0.00040817
3.72287 1.4096 0.00041485
3.72426 1.4093 0.00042391
3.72564 1.4091 0.00043273
3.72689 1.4089 0.00043917
3.72828 1.4087 0.00044775
3.72967 1.4085 0.00045609
3.73093 1.4083 0.00046229
3.73232 1.4081 0.00047088
3.73357 1.4080 0.00047636
3.73497 1.4079 0.00048208
3.73636 1.4076 0.0000
3.73762 1.4071 0.0000
3.73902 1.4068 0.00051641
3.74042 1.4067 0.00052166
3.74167 1.4066 0.00052643
3.74308 1.4064 0.00053358
3.74448 1.4063 0.00053906
3.74574 1.4060 3.8624e-05
3.74714 1.4056 0.00056005
3.74855 1.4055 0.00056624
3.74981 1.4053 0.00057077
3.75122 1.4051 0.00057888
3.75249 1.4050 0.00058389
3.75389 1.4048 0.00059104
3.7553 1.4046 0.00059843
3.75657 1.4045 0.00060368
3.75799 1.4043 0.00061083
3.7594 1.4041 0.00061798
3.76067 1.4040 0.00062227
3.76209 1.4038 0.00062799
3.7635 1.4038 0.00063181
3.76478 1.4036 0.00012541
3.76619 1.4032 0.00013661
3.76761 1.4028 0.00014591
3.76889 1.4025 0.00015473
3.77031 1.4024 0.00067282
3.77173 1.4023 0.00016332
3.77302 1.4021 0.00017142
3.77444 1.4018 0.00017977
3.77572 1.4016 0.00018644
3.77715 1.4013 0.00019407
3.77858 1.4010 0.00020146
3.77986 1.4008 0.00020742
3.78129 1.4006 0.00021505
3.78272 1.4003 0.00022316
3.78401 1.4000 0.00023007
3.78544 1.3997 0.00023985
3.78687 1.3994 0.00076270
3.78817 1.3994 0.00076437
3.7896 1.3993 0.00076962
3.79104 1.3991 0.00077581
3.79233 1.3990 0.00077963
3.79377 1.3988 0.00078630
3.79507 1.3987 0.00079036
3.79651 1.3984 0.00079703
3.79795 1.3982 0.00080395
3.79925 1.3981 0.00080776
3.80069 1.3979 0.00081491
3.80214 1.3976 0.00082159
3.80344 1.3974 0.00082636
3.80489 1.3972 0.00083447
3.80633 1.3968 0.00084352
3.80764 1.3967 0.0013666
3.80909 1.3966 0.0013700
3.81054 1.3965 0.0013754
3.81185 1.3964 0.0013781
3.8133 1.3962 0.0013843
3.81476 1.3960 0.0013909
3.81607 1.3959 0.0013943
3.81752 1.3955 0.0014036
3.81883 1.3956 0.0019259
3.82029 1.3954 0.0014100
3.82175 1.3951 0.0019400
3.82307 1.3952 0.0019400
3.82453 1.3951 0.0019450
3.82599 1.3949 0.0019507
3.82731 1.3950 0.0019522
3.82878 1.3948 0.0019579
3.83024 1.3946 0.0019639
3.83156 1.3946 0.0019655
3.83303 1.3944 0.0019712
3.8345 1.3942 0.0019774
3.83583 1.3943 0.0019789
3.8373 1.3940 0.0019863
3.83862 1.3940 0.0019879
3.8401 1.3938 0.0019937
3.84157 1.3936 0.0019996
3.8429 1.3936 0.0020015
3.84438 1.3934 0.0020070
3.84586 1.3932 0.0020127
3.84719 1.3932 0.0020146
3.84867 1.3930 0.0020199
3.85015 1.3929 0.0020256
3.85149 1.3929 0.0020270
3.85297 1.3928 0.0020313
3.85446 1.3927 0.0020351
3.85579 1.3927 0.0015104
3.85728 1.3922 0.0015197
3.85862 1.3921 0.0015237
3.86011 1.3917 0.0015311
3.8616 1.3916 0.0020628
3.86294 1.3917 0.0015354
3.86444 1.3914 0.0015426
3.86593 1.3911 0.0015488
3.86728 1.3910 0.0015521
3.86877 1.3907 0.0015585
3.87027 1.3903 0.0015655
3.87162 1.3904 0.0020957
3.87312 1.3903 0.0015702
3.87462 1.3898 0.0015788
3.87597 1.3898 0.0021117
3.87747 1.3897 0.0021148
3.87898 1.3895 0.0021193
3.88033 1.3896 0.0021205
3.88184 1.3893 0.0021267
3.88319 1.3894 0.0021286
3.8847 1.3892 0.0021334
3.88621 1.3889 0.0021386
3.88757 1.3890 0.0021405
3.88908 1.3887 0.0021453
3.8906 1.3885 0.0021510
3.89196 1.3885 0.0021529
3.89347 1.3883 0.0021582
3.89499 1.3880 0.0021639
3.89636 1.3879 0.0021667
3.89788 1.3878 0.0027044
3.8994 1.3876 0.0021749
3.90076 1.3877 0.0027108
3.90229 1.3873 0.0021825
3.90366 1.3873 0.0027199
3.90518 1.3873 0.0027232
3.90671 1.3871 0.0027275
3.90808 1.3872 0.0027287
3.90961 1.3870 0.0027332
3.91114 1.3868 0.0027380
3.91252 1.3870 0.0027390
3.91405 1.3868 0.0027437
3.91558 1.3865 0.0027487
3.91696 1.3867 0.0027494
3.9185 1.3865 0.0027542
3.92003 1.3862 0.0027592
3.92141 1.3864 0.0027604
3.92295 1.3861 0.0027652
3.92449 1.3859 0.0027699
3.92588 1.3860 0.0027709
3.92742 1.3857 0.0027769
3.92881 1.3858 0.0027781
3.93035 1.3855 0.0027833
3.9319 1.3855 0.0033259
3.93329 1.3858 0.0027857
3.93484 1.3855 0.0027914
3.93639 1.3852 0.0027959
3.93778 1.3854 0.0027971
3.93933 1.3852 0.0028014
3.94089 1.3850 0.0028057
3.94228 1.3851 0.0028067
3.94384 1.3849 0.0028112
3.9454 1.3848 0.0028152
3.9468 1.3850 0.0028157
3.94836 1.3848 0.0028198
3.94976 1.3848 0.0022807
3.95132 1.3846 0.0028262
3.95288 1.3845 0.0022876
3.95429 1.3844 0.0022900
3.95585 1.3842 0.0022945
3.95742 1.3840 0.0022986
3.95883 1.3841 0.0023000
3.9604 1.3839 0.0023036
3.96197 1.3837 0.0023069
3.96338 1.3840 0.0023074
3.96495 1.3837 0.0017684
3.96652 1.3834 0.0017734
3.96794 1.3833 0.0017753
3.96951 1.3831 0.0017793
3.97109 1.3828 0.0017831
3.97251 1.3828 0.0017848
3.97409 1.3826 0.0017886
3.97551 1.3826 0.0017900
3.97709 1.3825 0.0017934
3.97867 1.3824 0.0017955
3.9801 1.3824 0.0012531
3.98168 1.3820 0.0012574
3.98327 1.3817 0.0012608
3.9847 1.3816 0.0012631
3.98629 1.3814 0.0012665
3.98788 1.3812 0.0012693
3.98931 1.3811 0.0012712
3.9909 1.3809 0.0012741
3.99249 1.3807 0.0012774
3.99393 1.3806 0.0012794
3.99553 1.3804 0.0012822
3.99696 1.3803 0.0012841
3.99856 1.3801 0.0012867
4.00016 1.3799 0.0012898
4.0016 1.3799 0.0012913
4.0032 1.3797 0.0012941
4.00481 1.3795 0.0012965
4.00625 1.3794 0.0012984
4.00786 1.3792 0.0013008
4.00946 1.3790 0.0013032
4.01091 1.3790 0.0013051
4.01252 1.3788 0.0013077
4.01413 1.3786 0.0013101
4.01558 1.3786 0.0013118
4.01719 1.3784 0.0013142
4.01865 1.3784 0.0013161
4.02026 1.3782 0.0013180
4.02188 1.3780 0.0013204
4.02334 1.3780 0.0013218
4.02495 1.3780 0.0013237
4.02658 1.3777 0.00077534
4.02804 1.3774 0.00077772
4.02966 1.3772 0.0013309
4.03128 1.3770 0.00078154
4.03275 1.3770 0.0013349
4.03437 1.3768 0.00078487
4.036 1.3766 0.0013392
4.03747 1.3766 0.00078821
4.0391 1.3761 0.00079060
4.04073 1.3759 0.0013452
4.0422 1.3758 0.00079346
4.04384 1.3755 0.0013492
4.04531 1.3756 0.0013504
4.04694 1.3754 0.0013518
4.04858 1.3752 0.0013540
4.05006 1.3752 0.0013554
4.0517 1.3750 0.0013573
4.05334 1.3748 0.0013590
4.05482 1.3748 0.0013604
4.05647 1.3746 0.0013623
4.05811 1.3744 0.0013642
4.05959 1.3744 0.0013654
4.06124 1.3742 0.0013673
4.06289 1.3739 0.0013688
4.06438 1.3739 0.0013704
4.06603 1.3736 0.0013719
4.06752 1.3735 0.0013733
4.06918 1.3733 0.0013747
4.07083 1.3729 0.0013766
4.07232 1.3729 0.0019362
4.07398 1.3729 0.0019379
4.07564 1.3727 0.0019400
4.07714 1.3728 0.0019414
4.0788 1.3726 0.0019431
4.08047 1.3725 0.0019448
4.08197 1.3725 0.0019464
4.08363 1.3723 0.0019484
4.0853 1.3721 0.0019495
4.0868 1.3721 0.0019512
4.08847 1.3719 0.0019526
4.09015 1.3717 0.0019543
4.09165 1.3718 0.0019555
4.09333 1.3714 0.0019569
4.09484 1.3715 0.0019586
4.09651 1.3712 0.0019603
4.09819 1.3709 0.0019615
4.0997 1.3709 0.0019629
4.10139 1.3708 0.0025280
4.10307 1.3707 0.0019655
4.10458 1.3704 0.0019670
4.10627 1.3702 0.0025327
4.10796 1.3701 0.0025344
4.10948 1.3703 0.0025363
4.11117 1.3701 0.0025380
4.11286 1.3699 0.0025394
4.11438 1.3701 0.0025411
4.11607 1.3697 0.0025425
4.1176 1.3698 0.0025449
4.11929 1.3696 0.0025458
4.12099 1.3694 0.0025473
4.12252 1.3695 0.0025492
4.12422 1.3693 0.0025504
4.12592 1.3690 0.0025516
4.12746 1.3691 0.0025539
4.12916 1.3689 0.0025544
4.13087 1.3686 0.0025558
4.1324 1.3687 0.0025575
4.13411 1.3684 0.0025587
4.13582 1.3681 0.0025592
4.13736 1.3681 0.0025609
4.13907 1.3678 0.0031319
4.14062 1.3679 0.0025640
4.14233 1.3676 0.0031352
4.14405 1.3675 0.0031371
4.14559 1.3677 0.0031395
4.14731 1.3675 0.0031409
4.14903 1.3673 0.0031424
4.15058 1.3675 0.0031447
4.15231 1.3672 0.0031459
4.15403 1.3670 0.0031469
4.15559 1.3672 0.0031495
4.15731 1.3669 0.0031505
4.15904 1.3667 0.0031514
4.1606 1.3668 0.0031538
4.16233 1.3665 0.0031548
4.16406 1.3663 0.0031557
4.16563 1.3664 0.0031581
4.16736 1.3660 0.0031583
4.16892 1.3661 0.0031605
4.17066 1.3658 0.0031610
4.1724 1.3655 0.0031612
4.17397 1.3654 0.0031629
4.17571 1.3652 0.0037401
4.17746 1.3651 0.0037417
4.17903 1.3653 0.0037451
4.18078 1.3651 0.0037463
4.18253 1.3649 0.0037472
4.1841 1.3651 0.0037506
4.18585 1.3649 0.0037513
4.1876 1.3646 0.0037520
4.18918 1.3648 0.0037551
4.19094 1.3643 0.0037546
4.19252 1.3645 0.0037580
4.19428 1.3642 0.0037584
4.19604 1.3639 0.0037584
4.19762 1.3640 0.0037613
4.19939 1.3636 0.0037608
4.20115 1.3633 0.0043421
4.20274 1.3637 0.0043471
4.20451 1.3635 0.0043483
4.20628 1.3633 0.0043492
4.20787 1.3635 0.0043530
4.20964 1.3633 0.0043538
4.21141 1.3630 0.0043545
4.21301 1.3632 0.0043585
4.21479 1.3629 0.0043590
4.21656 1.3626 0.0043592
4.21816 1.3628 0.0043628
4.21994 1.3623 0.0043616
4.22155 1.3625 0.0043650
4.22333 1.3620 0.0043640
4.22511 1.3617 0.0049500
4.22672 1.3622 0.0049555
4.22851 1.3619 0.0049567
4.2303 1.3617 0.0049574
4.23191 1.3620 0.0049624
4.2337 1.3617 0.0049629
4.23549 1.3614 0.0049629
4.23711 1.3617 0.0049679
4.2389 1.3614 0.0049677
4.2407 1.3610 0.0049677
4.24232 1.3612 0.0049720
4.24412 1.3605 0.0049684
4.24574 1.3608 0.0055633
4.24755 1.3607 0.0055652
4.24935 1.3605 0.0055661
4.25098 1.3608 0.0055721
4.25279 1.3606 0.0055726
4.25459 1.3602 0.0055728
4.25622 1.3606 0.0055785
4.25804 1.3602 0.0055785
4.25985 1.3599 0.0055780
4.26148 1.3601 0.0055830
4.2633 1.3596 0.0055814
4.26512 1.3593 0.0061746
4.26676 1.3599 0.0061827
4.26858 1.3593 0.0061812
4.27022 1.3598 0.0061884
4.27204 1.3595 0.0061884
4.27387 1.3591 0.0061889
4.27551 1.3595 0.0061951
4.27734 1.3592 0.0061951
4.27917 1.3588 0.0061946
4.28082 1.3591 0.0062003
4.28266 1.3586 0.0061984
4.28449 1.3582 0.0067954
4.28614 1.3588 0.0068045
4.28798 1.3585 0.0068049
4.28982 1.3582 0.0068057
4.29148 1.3587 0.0068130
4.29332 1.3583 0.0068130
4.29516 1.3579 0.0068128
4.29682 1.3584 0.0068202
4.29867 1.3576 0.0068159
4.30034 1.3579 0.0068223
4.30219 1.3575 0.0074224
4.30404 1.3573 0.0074241
4.30571 1.3579 0.0074337
4.30756 1.3576 0.0074339
4.30942 1.3572 0.0074334
4.31109 1.3577 0.0074422
4.31295 1.3573 0.0074415
4.31481 1.3568 0.0074403
4.31648 1.3571 0.0074472
4.31835 1.3567 0.0080509
4.32021 1.3565 0.0080523
4.32189 1.3572 0.0080631
4.32376 1.3565 0.0080593
4.32545 1.3570 0.0080693
4.32732 1.3566 0.0080690
4.32919 1.3562 0.0080681
4.33088 1.3567 0.0080771
4.33276 1.3561 0.0080748
4.33463 1.3557 0.0086813
4.33633 1.3564 0.0086942
4.33821 1.3561 0.0086946
4.34009 1.3557 0.0086942
4.34179 1.3563 0.0087051
4.34367 1.3559 0.0087047
4.34556 1.3554 0.0087037
4.34726 1.3560 0.0087137
4.34915 1.3550 0.0087061
4.35085 1.3556 0.0093284
4.35275 1.3554 0.0093303
4.35464 1.3550 0.0093303
4.35635 1.3557 0.0093427
4.35825 1.3552 0.0093417
4.36015 1.3547 0.0093403
4.36186 1.3552 0.0093503
4.36376 1.3548 0.0099633
4.36567 1.3545 0.0099647
4.36738 1.3553 0.0099781
4.36929 1.3548 0.0099783
4.3712 1.3544 0.0099773
4.37292 1.3550 0.0099897
4.37484 1.3544 0.0099874
4.37675 1.3539 0.010602
4.37848 1.3549 0.010619
4.38039 1.3540 0.010614
4.38212 1.3549 0.010628
4.38404 1.3544 0.010628
4.38596 1.3538 0.010626
4.3877 1.3544 0.010638
4.38962 1.3540 0.011257
4.39155 1.3537 0.011259
4.39329 1.3546 0.011275
4.39522 1.3541 0.011275
4.39715 1.3536 0.011274
4.39889 1.3544 0.011288
4.40083 1.3537 0.011285
4.40276 1.3532 0.011907
4.40451 1.3543 0.011925
4.40645 1.3533 0.011919
4.4082 1.3542 0.011935
4.41014 1.3537 0.011935
4.41209 1.3530 0.011932
4.41384 1.3539 0.012573
4.41579 1.3536 0.012575
4.41774 1.3531 0.012576
4.4195 1.3541 0.012593
4.42145 1.3535 0.012593
4.42341 1.3528 0.012589
4.42517 1.3538 0.013235
4.42713 1.3535 0.013237
4.42909 1.3530 0.013237
4.43086 1.3540 0.013256
4.43282 1.3534 0.013255
4.43479 1.3530 0.013885
4.43656 1.3541 0.013275
4.43853 1.3529 0.013896
4.4403 1.3541 0.013918
4.44227 1.3536 0.013919
4.44425 1.3531 0.013919
4.44603 1.3541 0.013937
4.448 1.3537 0.014571
4.44998 1.3531 0.013939
4.45177 1.3542 0.014591
4.45375 1.3538 0.014593
4.45573 1.3534 0.014595
4.45752 1.3546 0.014616
4.45951 1.3541 0.014617
4.4615 1.3535 0.014617
4.46329 1.3547 0.014638
4.46528 1.3535 0.014631
4.46708 1.3547 0.014651
4.46907 1.3541 0.014652
4.47107 1.3535 0.014652
4.47287 1.3546 0.014671
4.47487 1.3539 0.014669
4.47688 1.3533 0.015307
4.47868 1.3547 0.015330
4.48069 1.3542 0.015332
4.4827 1.3537 0.015334
4.48451 1.3550 0.015355
4.48652 1.3545 0.015357
4.48853 1.3539 0.015357
4.49035 1.3552 0.015378
4.49236 1.3546 0.015380
4.49438 1.3540 0.015380
4.4962 1.3553 0.015402
4.49822 1.3541 0.015395
4.50005 1.3553 0.015416
4.50207 1.3547 0.015417
4.5041 1.3541 0.015417
4.50593 1.3552 0.015437
4.50796 1.3549 0.016083
4.50999 1.3545 0.015443
4.51182 1.3556 0.015463
4.51386 1.3550 0.015463
4.5159 1.3543 0.015463
4.51773 1.3554 0.015483
4.51977 1.3550 0.016130
4.52182 1.3546 0.015489
4.52366 1.3557 0.015507
4.52571 1.3545 0.016148
4.52755 1.3559 0.015524
4.5296 1.3554 0.016172
4.53165 1.3550 0.015529
4.5335 1.3561 0.015549
4.53556 1.3555 0.015549
4.53762 1.3548 0.015550
4.53947 1.3561 0.015571
4.54153 1.3555 0.015572
4.5436 1.3549 0.015573
4.54545 1.3561 0.015593
4.54752 1.3556 0.015594
4.54959 1.3550 0.015596
4.55145 1.3563 0.015617
4.55353 1.3550 0.015610
4.55539 1.3563 0.015631
4.55747 1.3557 0.015633
4.55955 1.3551 0.015634
4.56142 1.3564 0.015655
4.5635 1.3558 0.015657
4.56558 1.3553 0.015658
4.56746 1.3566 0.015679
4.56955 1.3560 0.015681
4.57164 1.3555 0.015683
4.57352 1.3569 0.015705
4.57561 1.3565 0.015708
4.57771 1.3559 0.015058
4.57959 1.3569 0.015076
4.58169 1.3563 0.015076
4.58379 1.3557 0.015077
4.58568 1.3569 0.015097
4.58779 1.3556 0.015090
4.58968 1.3568 0.015111
4.59179 1.3563 0.015112
4.5939 1.3557 0.015113
4.5958 1.3570 0.015134
4.59791 1.3565 0.015136
4.60003 1.3562 0.015140
4.60193 1.3573 0.014505
4.60405 1.3566 0.014503
4.60617 1.3559 0.014503
4.60808 1.3570 0.014522
4.61021 1.3564 0.014523
4.61233 1.3558 0.014523
4.61425 1.3570 0.014543
4.61638 1.3558 0.014537
4.6183 1.3571 0.014557
4.62043 1.3567 0.014560
4.62257 1.3561 0.013904
4.62449 1.3570 0.013920
4.62663 1.3563 0.013919
4.62877 1.3556 0.013918
4.6307 1.3566 0.013936
4.63285 1.3558 0.013934
4.63499 1.3553 0.014593
4.63693 1.3566 0.014616
4.63908 1.3562 0.014618
4.64123 1.3558 0.014621
4.64317 1.3572 0.014644
4.64533 1.3561 0.013977
4.64727 1.3571 0.013995
4.64943 1.3565 0.013996
4.6516 1.3561 0.013998
4.65354 1.3571 0.013355
4.65571 1.3562 0.013351
4.65788 1.3555 0.013348
4.65983 1.3563 0.013365
4.662 1.3555 0.013361
4.66418 1.3544 0.013354
4.66614 1.3551 0.014032
4.66832 1.3544 0.014694
4.6705 1.3536 0.015357
4.67246 1.3550 0.016715
4.67464 1.3552 0.018064
4.67683 1.3556 0.018748
4.6788 1.3585 0.019458
4.68099 1.3585 0.018796
4.68296 1.3612 0.018157
4.68516 1.3614 0.016829
4.68735 1.3616 0.016171
4.68933 1.3632 0.014193
4.69153 1.3623 0.012863
4.69373 1.3614 0.012197
4.69572 1.3621 0.011547
4.69792 1.3613 0.010881
4.70013 1.3603 0.010214
4.70212 1.3607 0.010223
4.70433 1.3601 0.010221
4.70655 1.3594 0.0095563
4.70854 1.3598 0.0095654
4.71076 1.3587 0.0095568
4.71276 1.3594 0.0095692
4.71498 1.3590 0.0095694
4.7172 1.3585 0.0089045
4.71921 1.3589 0.0089130
4.72144 1.3583 0.0089102
4.72367 1.3578 0.0089080
4.72567 1.3584 0.0089202
4.72791 1.3580 0.0089195
4.73015 1.3577 0.0089207
4.73216 1.3583 0.0082679
4.7344 1.3577 0.0082633
4.73664 1.3572 0.0082610
4.73866 1.3578 0.0082729
4.74091 1.3576 0.0082736
4.74316 1.3571 0.0076063
4.74518 1.3575 0.0076146
4.74744 1.3566 0.0076063
4.74947 1.3572 0.0076177
4.75172 1.3568 0.0076163
4.75398 1.3566 0.0076170
4.75602 1.3571 0.0069609
4.75828 1.3565 0.0069556
4.76054 1.3560 0.0069523
4.76259 1.3565 0.0069618
4.76485 1.3561 0.0069604
4.76713 1.3560 0.0069609
4.76917 1.3564 0.0063028
4.77145 1.3558 0.0062969
4.77373 1.3553 0.0062928
4.77578 1.3557 0.0063016
4.77806 1.3551 0.0062945
4.78011 1.3555 0.0063045
4.7824 1.3552 0.0063033
4.78469 1.3551 0.0063043
4.78675 1.3555 0.0056434
4.78904 1.3549 0.0056376
4.79134 1.3545 0.0056336
4.7934 1.3548 0.0056417
4.7957 1.3546 0.0056400
4.798 1.3544 0.0056403
4.80008 1.3547 0.0049767
4.80238 1.3542 0.0049696
4.80469 1.3537 0.0049653
4.80677 1.3540 0.0049715
4.80908 1.3536 0.0049682
4.81139 1.3533 0.0049648
4.81348 1.3536 0.0049729
4.8158 1.3532 0.0049677
4.81788 1.3537 0.0049782
4.82021 1.3533 0.0043015
4.82253 1.3528 0.0042949
4.82462 1.3530 0.0042992
4.82695 1.3526 0.0042949
4.82928 1.3523 0.0042913
4.83138 1.3525 0.0042973
4.83372 1.3523 0.0042949
4.83606 1.3521 0.0042930
4.83816 1.3525 0.0043025
4.84051 1.3522 0.0036235
4.84285 1.3517 0.0036156
4.84496 1.3518 0.0036192
4.84731 1.3513 0.0036111
4.84943 1.3514 0.0036154
4.85178 1.3511 0.0036111
4.85413 1.3508 0.0036073
4.85625 1.3510 0.0036125
4.85861 1.3508 0.0036097
4.86098 1.3506 0.0036073
4.8631 1.3509 0.0036154
4.86547 1.3505 0.0029316
4.86784 1.3499 0.0029197
4.86997 1.3500 0.0036035
4.87234 1.3501 0.0036070
4.87472 1.3499 0.0029247
4.87686 1.3499 0.0029249
4.87924 1.3494 0.0029166
4.88138 1.3495 0.0029194
4.88377 1.3492 0.0029149
4.88615 1.3489 0.0029106
4.8883 1.3490 0.0029140
4.89069 1.3488 0.0029099
4.89309 1.3485 0.0029061
4.89524 1.3487 0.0029099
4.89764 1.3484 0.0029066
4.90004 1.3482 0.0029030
4.9022 1.3484 0.0029078
4.90461 1.3482 0.0029056
4.90701 1.3481 0.0029058
4.90918 1.3481 0.0022216
4.91159 1.3479 0.0029025
4.914 1.3478 0.0022156
4.91618 1.3476 0.0022140
4.9186 1.3472 0.0022058
4.92078 1.3472 0.0022068
4.9232 1.3469 0.0022011
4.92562 1.3467 0.0021963
4.92781 1.3467 0.0021977
4.93024 1.3464 0.0021920
4.93267 1.3460 0.0021844
4.93486 1.3463 0.0028811
4.9373 1.3463 0.0021925
4.93974 1.3460 0.0021858
4.94193 1.3460 0.0021870
4.94438 1.3457 0.0021825
4.94682 1.3455 0.0021777
4.94903 1.3456 0.0021801
4.95148 1.3453 0.0021734
4.95368 1.3453 0.0021760
4.95614 1.3451 0.0021715
4.9586 1.3449 0.0021677
4.96081 1.3450 0.0021703
4.96327 1.3448 0.0021663
4.96574 1.3446 0.0021627
4.96796 1.3446 0.0021653
4.97043 1.3444 0.0021615
4.9729 1.3443 0.0021586
4.97512 1.3444 0.0021620
4.9776 1.3442 0.0021596
4.98008 1.3442 0.0021601
4.98231 1.3441 0.0014625
4.9848 1.3439 0.0021536
4.98728 1.3437 0.0014529
4.98952 1.3437 0.0021515
4.99201 1.3436 0.0014520
4.99426 1.3434 0.0014486
4.99675 1.3432 0.0014420
4.99925 1.3429 0.0014367
5.0015 1.3429 0.0014358
5.004 1.3426 0.0014310
5.00651 1.3424 0.0014257
5.00877 1.3424 0.0014253
5.01128 1.3422 0.0014205
5.01379 1.3420 0.0014157
5.01605 1.3420 0.0014160
5.01857 1.3418 0.0014114
5.02109 1.3416 0.0014067
5.02336 1.3415 0.0014067
5.02588 1.3413 0.0014005
5.02816 1.3413 0.0014009
5.03069 1.3411 0.0013967
5.03322 1.3409 0.0013919
5.0355 1.3409 0.0013919
5.03804 1.3407 0.0013881
5.04058 1.3405 0.0013840
5.04286 1.3406 0.0013850
5.04541 1.3404 0.0013819
5.04796 1.3404 0.0013814
5.05025 1.3402 0.00067043
5.0528 1.3399 0.0013695
5.05536 1.3397 0.00065565
5.05766 1.3395 0.0013599
5.06022 1.3392 0.00064397
5.06252 1.3390 0.0013466
5.06509 1.3390 0.0013463
5.06765 1.3389 0.0013433
5.06997 1.3389 0.0013440
5.07254 1.3387 0.0013404
5.07511 1.3386 0.0013363
5.07743 1.3386 0.0013373
5.08001 1.3384 0.0013337
5.08259 1.3384 0.0013330
5.08492 1.3381 0.00061512
5.08751 1.3377 0.0013158
5.09009 1.3377 0.0013142
5.09243 1.3377 0.0013156
5.09502 1.3375 0.0013115
5.09762 1.3374 0.0013075
5.09996 1.3374 0.0013084
5.10256 1.3372 0.0013037
5.10491 1.3373 0.0013070
5.10751 1.3369 0.00058079
5.11012 1.3365 0.0012846
5.11247 1.3366 0.0012884
5.11509 1.3365 0.0012856
5.11771 1.3364 0.0012822
5.12007 1.3364 0.0012839
5.12269 1.3364 0.0012836
5.12531 1.3362 0.00055838
5.12768 1.3357 0.00054383
5.13031 1.3354 0.0012555
5.13294 1.3354 0.0012565
5.13532 1.3356 0.0012608
5.13795 1.3351 0.00052834
5.14033 1.3349 0.0012417
5.14297 1.3349 0.0012412
5.14562 1.3347 0.0012379
5.14801 1.3347 0.0012383
5.15066 1.3346 0.0012345
5.15331 1.3344 0.0012305
5.1557 1.3345 0.0012319
5.15836 1.3345 0.0012317
5.16102 1.3342 0.00049996
5.16342 1.3337 0.00048375
5.16609 1.3334 0.0012004
5.16876 1.3334 0.0011997
5.17117 1.3334 0.0012009
5.17384 1.3332 0.0011969
5.17652 1.3331 0.0011921
5.17893 1.3331 0.0011919
5.18162 1.3328 0.0011854
5.18403 1.3328 0.0011852
5.18672 1.3326 0.0011802
5.18941 1.3325 0.0011749
5.19184 1.3325 0.0011752
5.19454 1.3323 0.0011711
5.19724 1.3323 0.0011702
5.19967 1.3320 0.00043106
5.20237 1.3316 0.0011487
5.20508 1.3315 0.0011466
5.20752 1.3315 0.0011473
5.21023 1.3313 0.0011420
5.21295 1.3312 0.0011373
5.2154 1.3312 0.0011373
5.21812 1.3309 0.0011306
5.22057 1.3309 0.0011311
5.2233 1.3308 0.0011272
5.22603 1.3308 0.0011272
5.22848 1.3306 0.00038695
5.23122 1.3300 0.00036573
5.23396 1.3297 0.0010927
5.23642 1.3299 0.0011003
5.23917 1.3296 0.00035095
5.24191 1.3292 0.0010750
5.24439 1.3292 0.0010781
5.24714 1.3291 0.0010738
5.2499 1.3289 0.0010686
5.25238 1.3289 0.0010674
5.25514 1.3287 0.0010614
5.2579 1.3285 0.0010557
5.26039 1.3285 0.0010540
5.26316 1.3282 0.0010467
5.26565 1.3282 0.0010452
5.26843 1.3280 0.0010390
5.2712 1.3278 0.0010324
5.27371 1.3277 0.0010314
5.27649 1.3275 0.0010252
5.27927 1.3274 0.0010200
5.28178 1.3274 0.0010221
5.28457 1.3270 0.00026178
5.28737 1.3265 0.00099134
5.28989 1.3266 0.00099325
5.29269 1.3264 0.00098753
5.29549 1.3262 0.00098133
5.29801 1.3261 0.00097919
5.30082 1.3259 0.00097084
5.30335 1.3258 0.00096798
5.30617 1.3256 0.00096130
5.30898 1.3254 0.00095367
5.31152 1.3253 0.00095105
5.31434 1.3251 0.00094366
5.31717 1.3249 0.00093603
5.31971 1.3248 0.00093317
5.32255 1.3245 0.00092506
5.32538 1.3243 0.00091696
5.32793 1.3242 0.00091386
5.33077 1.3240 0.00090551
5.33362 1.3237 0.00089741
5.33618 1.3236 0.00089407
5.33903 1.3234 0.00088406
5.3416 1.3232 0.00088000
5.34445 1.3230 0.00087118
5.34731 1.3227 0.00086260
5.34988 1.3226 0.00085783
5.35275 1.3224 0.00084853
5.35561 1.3221 0.00083923
5.3582 1.3219 0.00083327
5.36107 1.3216 0.00082254
5.36394 1.3213 0.00081062
5.36653 1.3210 0.00079942
5.36942 1.3209 0.0015578
5.3723 1.3208 0.00079250
5.3749 1.3204 0.00077438
5.37779 1.3201 0.0015264
5.38068 1.3200 0.0015247
5.38329 1.3200 0.0015268
5.38619 1.3198 0.0015168
5.3888 1.3197 0.0015168
5.39171 1.3195 0.0015082
5.39462 1.3192 0.0014992
5.39724 1.3192 0.0014977
5.40015 1.3189 0.0014882
5.40307 1.3186 0.0014782
5.4057 1.3186 0.0014753
5.40862 1.3183 0.0014648
5.41155 1.3180 0.0014536
5.41419 1.3178 0.0014496
5.41712 1.3175 0.0014362
5.42005 1.3170 0.0014184
5.4227 1.3171 0.0021956
5.42564 1.3170 0.0014172
5.42829 1.3166 0.0014055
5.43124 1.3161 0.0013828
5.43419 1.3157 0.0021429
5.43685 1.3159 0.0021510
5.43981 1.3157 0.0021439
5.44277 1.3154 0.0021348
5.44544 1.3154 0.0021360
5.4484 1.3151 0.0021253
5.45137 1.3148 0.0021136
5.45405 1.3148 0.0021129
5.45703 1.3144 0.0021005
5.46001 1.3141 0.0020876
5.46269 1.3140 0.0020847
5.46568 1.3136 0.0020702
5.46866 1.3132 0.0020540
5.47136 1.3130 0.0020475
5.47435 1.3123 0.0020192
5.47705 1.3123 0.0028005
5.48005 1.3121 0.0027976
5.48306 1.3119 0.0027881
5.48576 1.3119 0.0027914
5.48878 1.3116 0.0027785
5.49179 1.3112 0.0027642
5.49451 1.3111 0.0027637
5.49753 1.3107 0.0027471
5.50055 1.3102 0.0027275
5.50327 1.3099 0.0027175
5.5063 1.3096 0.0034916
5.50934 1.3094 0.0034862
5.51207 1.3095 0.0034933
5.51511 1.3090 0.0034733
5.51785 1.3090 0.0034771
5.5209 1.3086 0.0034604
5.52395 1.3081 0.0034418
5.52669 1.3080 0.0034404
5.52975 1.3074 0.0034130
5.53281 1.3069 0.0041890
5.53557 1.3071 0.0042038
5.53863 1.3068 0.0041904
5.5417 1.3063 0.0041738
5.54447 1.3064 0.0041776
5.54754 1.3058 0.0041556
5.55062 1.3051 0.0041251
5.5534 1.3052 0.0049324
5.55648 1.3047 0.0049143
5.55926 1.3049 0.0049264
5.56235 1.3044 0.0049086
5.56545 1.3039 0.0048873
5.56824 1.3039 0.0048907
5.57134 1.3031 0.0048594
5.57445 1.3026 0.0056419
5.57724 1.3029 0.0056615
5.58036 1.3024 0.0056436
5.58347 1.3019 0.0056210
5.58628 1.3019 0.0056272
5.5894 1.3011 0.0055928
5.59253 1.3004 0.0063772
5.59534 1.3008 0.0063972
5.59848 1.3002 0.0063739
5.60161 1.2994 0.0063391
5.60444 1.2996 0.0071671
5.60758 1.2988 0.0071383
5.61041 1.2991 0.0071545
5.61356 1.2983 0.0071211
5.61672 1.2976 0.0079126
5.61956 1.2981 0.0079410
5.62272 1.2975 0.0079176
5.62588 1.2967 0.0078874
5.62873 1.2968 0.0078940
5.6319 1.2960 0.0086865
5.63507 1.2954 0.0086632
5.63793 1.2956 0.0086770
5.64111 1.2949 0.0094743
5.6443 1.2943 0.0094538
5.64717 1.2947 0.0094783
5.65036 1.2933 0.0094151
5.65323 1.2937 0.010268
5.65643 1.2930 0.010244
5.65963 1.2920 0.010201
5.66251 1.2924 0.011060
5.66572 1.2917 0.011034
5.66893 1.2906 0.010988
5.67183 1.2910 0.011851
5.67505 1.2901 0.011817
5.67827 1.2892 0.012617
5.68117 1.2899 0.012660
5.6844 1.2887 0.012612
5.68764 1.2875 0.013402
5.69055 1.2884 0.014295
5.69379 1.2876 0.014269
5.69703 1.2864 0.014218
5.69995 1.2871 0.015107
5.70321 1.2852 0.015028
5.70613 1.2859 0.015918
5.70939 1.2850 0.016737
5.71265 1.2839 0.016695
5.71559 1.2848 0.017604
5.71886 1.2837 0.017560
5.72213 1.2823 0.018361
5.72508 1.2835 0.019288
5.72836 1.2823 0.019246
5.73164 1.2809 0.020050
5.7346 1.2822 0.020990
5.73789 1.2810 0.020945
5.74119 1.2794 0.021750
5.74416 1.2808 0.022696
5.74746 1.2787 0.023480
5.75043 1.2802 0.023565
5.75374 1.2786 0.024380
5.75705 1.2770 0.025197
5.76004 1.2787 0.026163
5.76336 1.2773 0.026996
5.76668 1.2758 0.027824
5.76967 1.2777 0.028811
5.77301 1.2763 0.029652
5.77634 1.2748 0.030488
5.77934 1.2770 0.031492
5.78269 1.2756 0.032341
5.78603 1.2740 0.033184
5.78905 1.2765 0.034204
5.7924 1.2750 0.035059
5.79576 1.2733 0.035910
5.79878 1.2761 0.036947
5.80215 1.2728 0.037736
5.80518 1.2757 0.038781
5.80855 1.2741 0.039644
5.81193 1.2720 0.040495
5.81497 1.2752 0.042463
5.81835 1.2738 0.043347
5.82174 1.2723 0.045151
5.82479 1.2763 0.045323
5.82819 1.2744 0.046202
5.83158 1.2723 0.047074
5.83465 1.2762 0.049084
5.83805 1.2748 0.049994
5.84146 1.2731 0.050894
5.84454 1.2776 0.052000
5.84795 1.2735 0.052830
5.85103 1.2781 0.053939
5.85446 1.2763 0.054853
5.85789 1.2744 0.055763
5.86098 1.2790 0.056870
5.86441 1.2775 0.058740
5.86786 1.2757 0.058729
5.87096 1.2804 0.059835
5.87441 1.2787 0.061714
5.87786 1.2770 0.062660
5.88097 1.2829 0.063789
5.88443 1.2811 0.063788
5.88789 1.2788 0.064726
5.89102 1.2845 0.065844
5.89449 1.2798 0.067693
5.89762 1.2862 0.067867
5.9011 1.2843 0.068828
5.90458 1.2824 0.069793
5.90772 1.2889 0.070913
5.91121 1.2871 0.070928
5.91471 1.2849 0.071896
5.91786 1.2915 0.073009
5.92136 1.2896 0.073029
5.92487 1.2874 0.074006
5.92803 1.2943 0.075112
5.93155 1.2924 0.075138
5.93507 1.2904 0.076128
5.93824 1.2973 0.076254
5.94177 1.2953 0.077251
5.9453 1.2933 0.077279
5.94849 1.3006 0.078365
5.95203 1.2953 0.078369
5.95522 1.3024 0.078476
5.95877 1.3004 0.079484
5.96232 1.2986 0.079520
5.96552 1.3057 0.079615
5.96908 1.3039 0.080629
5.97265 1.3019 0.079695
5.97586 1.3092 0.080751
5.97943 1.3070 0.079822
5.98301 1.3047 0.080837
5.98623 1.3123 0.080911
5.98982 1.3103 0.080958
5.99341 1.3085 0.081006
5.99664 1.3160 0.080094
6.00024 1.3100 0.080133
6.00348 1.3172 0.080193
6.00709 1.3150 0.080243
6.0107 1.3129 0.080292
6.01395 1.3204 0.080341
6.01757 1.3182 0.079421
6.02119 1.3158 0.079471
6.02446 1.3230 0.079515
6.02809 1.3208 0.078596
6.03173 1.3184 0.078647
6.035 1.3255 0.078686
6.03865 1.3232 0.077769
6.0423 1.3207 0.077820
6.04558 1.3278 0.077855
6.04924 1.3225 0.077914
6.05254 1.3297 0.076974
6.0562 1.3273 0.076060
6.05987 1.3249 0.076112
6.06318 1.3314 0.075174
6.06686 1.3289 0.075229
6.07054 1.3267 0.075281
6.07386 1.3336 0.075305
6.07755 1.3317 0.074393
6.08125 1.3296 0.073477
6.08458 1.3356 0.072537
6.08828 1.3331 0.072591
6.09199 1.3311 0.072642
6.09533 1.3376 0.071700
6.09905 1.3352 0.070789
6.10277 1.3330 0.070839
6.10612 1.3392 0.069899
6.10986 1.3340 0.069959
6.11322 1.3404 0.069018
6.11696 1.3382 0.068108
6.1207 1.3360 0.067194
6.12407 1.3413 0.066261
6.12783 1.3390 0.066309
6.13158 1.3370 0.065394
6.13497 1.3423 0.064465
6.13874 1.3400 0.064511
6.14251 1.3381 0.063595
6.1459 1.3433 0.062668
6.14968 1.3408 0.061756
6.15347 1.3386 0.061797
6.15688 1.3439 0.060873
6.16067 1.3388 0.059958
6.16409 1.3438 0.059992
6.16789 1.3417 0.059078
6.1717 1.3394 0.058159
6.17513 1.3440 0.058196
6.17894 1.3420 0.057280
6.18276 1.3397 0.056359
6.1862 1.3441 0.056397
6.19003 1.3421 0.055480
6.19387 1.3397 0.054557
6.19732 1.3439 0.054599
6.20117 1.3416 0.053678
6.20501 1.3395 0.053706
6.20848 1.3436 0.052797
6.21234 1.3414 0.052825
6.2162 1.3392 0.051898
6.21968 1.3431 0.051944
6.22355 1.3389 0.051961
6.22704 1.3431 0.051056
6.23092 1.3410 0.051081
6.2348 1.3389 0.050151
6.2383 1.3425 0.050198
6.2422 1.3407 0.050222
6.2461 1.3386 0.049291
6.24961 1.3423 0.049339
6.25352 1.3405 0.049362
6.25743 1.3385 0.048429
6.26096 1.3420 0.048478
6.26488 1.3403 0.048499
6.26881 1.3383 0.047565
6.27235 1.3419 0.047615
6.27628 1.3380 0.047622
6.27983 1.3418 0.046719
6.28378 1.3396 0.046736
6.28773 1.3379 0.046754
6.29129 1.3414 0.045851
6.29525 1.3392 0.045866
6.29921 1.3372 0.045880
6.30279 1.3409 0.045935
6.30676 1.3388 0.044993
6.31074 1.3370 0.045966
6.31433 1.3407 0.045064
6.31832 1.3387 0.045078
6.32231 1.3371 0.045094
6.32591 1.3405 0.044190
6.32992 1.3384 0.044203
6.33392 1.3365 0.044215
6.33754 1.3400 0.044271
6.34156 1.3364 0.044269
6.34518 1.3402 0.044327
6.34921 1.3385 0.043382
6.35324 1.3365 0.043393
6.35687 1.3401 0.043449
6.36092 1.3382 0.042501
6.36497 1.3362 0.042510
6.36862 1.3394 0.042565
6.37267 1.3377 0.042578
6.37674 1.3362 0.042592
6.3804 1.3395 0.041685
6.38447 1.3374 0.041693
6.38855 1.3357 0.041702
6.39223 1.3390 0.041760
6.39632 1.3357 0.041755
6.4 1.3389 0.040848
6.4041 1.3368 0.040853
6.4082 1.3353 0.041831
6.4119 1.3387 0.040925
6.41601 1.3370 0.040934
6.42013 1.3356 0.040946
6.42385 1.3387 0.040036
6.42797 1.3368 0.040042
6.43211 1.3351 0.040051
6.43583 1.3383 0.040110
6.43998 1.3366 0.039150
6.44413 1.3347 0.039153
6.44787 1.3377 0.039210
6.45203 1.3343 0.039196
6.45578 1.3374 0.039258
6.45995 1.3361 0.039268
6.46412 1.3344 0.038303
6.46789 1.3371 0.038358
6.47207 1.3354 0.038363
6.47626 1.3337 0.038368
6.48004 1.3367 0.038428
6.48424 1.3353 0.038437
6.48845 1.3334 0.037464
6.49224 1.3362 0.038497
6.49646 1.3351 0.038510
6.50068 1.3337 0.037541
6.50449 1.3364 0.037599
6.50872 1.3351 0.037607
6.51296 1.3335 0.036633
6.51678 1.3360 0.036690
6.52103 1.3328 0.036670
6.52486 1.3356 0.036731
6.52912 1.3343 0.036739
6.53339 1.3327 0.035761
6.53723 1.3351 0.035817
6.54151 1.3334 0.035819
6.54579 1.3318 0.035819
6.54965 1.3346 0.035880
6.55394 1.3333 0.035886
6.55824 1.3317 0.034904
6.56211 1.3340 0.034960
6.56642 1.3323 0.034959
6.57073 1.3307 0.034957
6.57462 1.3333 0.035019
6.57895 1.3302 0.034996
6.58285 1.3329 0.035058
6.58718 1.3315 0.035061
6.59152 1.3303 0.035066
6.59544 1.3328 0.034139
6.59979 1.3310 0.034134
6.60415 1.3293 0.034130
6.60808 1.3318 0.034192
6.61244 1.3304 0.034193
6.61682 1.3288 0.033198
6.62076 1.3308 0.033253
6.62515 1.3288 0.033242
6.62954 1.3272 0.034230
6.6335 1.3301 0.034300
6.6379 1.3284 0.033302
6.64231 1.3268 0.034293
6.64628 1.3295 0.033364
6.6507 1.3261 0.033328
6.65469 1.3284 0.033389
6.65912 1.3267 0.033382
6.66356 1.3250 0.033373
6.66756 1.3272 0.033435
6.672 1.3254 0.033427
6.67646 1.3236 0.033415
6.68047 1.3257 0.033476
6.68494 1.3236 0.033460
6.68941 1.3217 0.034452
6.69344 1.3241 0.034520
6.69792 1.3222 0.034509
6.70241 1.3199 0.034487
6.70646 1.3219 0.035560
6.71096 1.3184 0.036532
6.71501 1.3207 0.036598
6.71953 1.3186 0.038621
6.72405 1.3169 0.039639
6.72812 1.3199 0.040740
6.73265 1.3182 0.041764
6.73718 1.3165 0.043825
6.74127 1.3203 0.044942
6.74582 1.3191 0.047025
6.75037 1.3185 0.049126
6.75447 1.3240 0.050257
6.75904 1.3242 0.051334
6.76361 1.3243 0.051372
6.76773 1.3305 0.051452
6.77231 1.3285 0.050435
6.77645 1.3340 0.048433
6.78104 1.3329 0.046393
6.78564 1.3314 0.044350
6.78979 1.3344 0.042350
6.7944 1.3318 0.041325
6.79902 1.3290 0.040293
6.80318 1.3310 0.040344
6.80782 1.3281 0.040335
6.81245 1.3256 0.042396
6.81663 1.3290 0.043499
6.82128 1.3275 0.044551
6.82594 1.3266 0.046655
6.83013 1.3317 0.046732
6.8348 1.3313 0.046762
6.83948 1.3308 0.045750
6.84369 1.3352 0.044776
6.84838 1.3321 0.043742
6.8526 1.3355 0.041730
6.8573 1.3330 0.040699
6.86201 1.3305 0.040699
6.86625 1.3331 0.040756
6.87096 1.3308 0.040758
6.87569 1.3286 0.041801
6.87994 1.3319 0.042906
6.88468 1.3306 0.043969
6.88942 1.3296 0.045037
6.8937 1.3346 0.046156
6.89845 1.3343 0.045140
6.90322 1.3340 0.045170
6.90751 1.3385 0.043142
6.91228 1.3353 0.042102
6.91659 1.3390 0.041118
6.92137 1.3372 0.039051
6.92617 1.3351 0.038015
6.93049 1.3372 0.037024
6.93529 1.3347 0.037021
6.94011 1.3325 0.037021
6.94444 1.3346 0.037071
6.94927 1.3328 0.038119
6.9541 1.3310 0.038124
6.95846 1.3341 0.039232
6.9633 1.3329 0.039248
6.96816 1.3314 0.039258
6.97253 1.3345 0.039319
6.97739 1.3314 0.040365
6.98178 1.3352 0.040431
6.98666 1.3340 0.040449
6.99154 1.3329 0.040466
6.99594 1.3365 0.040528
7.00084 1.3356 0.040548
7.00574 1.3344 0.039511
7.01016 1.3375 0.039567
7.01508 1.3362 0.039584
7.02001 1.3351 0.039600
7.02445 1.3388 0.039661
7.02938 1.3377 0.038624
7.03433 1.3365 0.038640
7.03878 1.3397 0.037642
7.04374 1.3382 0.037654
7.04871 1.3372 0.037672
7.05318 1.3405 0.036673
7.05816 1.3377 0.036671
7.06265 1.3408 0.035671
7.06764 1.3395 0.035684
7.07264 1.3383 0.034641
7.07714 1.3411 0.034694
7.08215 1.3398 0.033651
7.08717 1.3386 0.033660
7.0917 1.3412 0.032658
7.09673 1.3399 0.032667
7.10177 1.3387 0.031620
7.10631 1.3411 0.031670
7.11136 1.3399 0.030622
7.11642 1.3386 0.030628
7.12099 1.3409 0.029624
7.12606 1.3396 0.029628
7.13114 1.3383 0.028575
7.13572 1.3405 0.028625
7.14082 1.3379 0.027552
7.14541 1.3397 0.027598
7.15052 1.3387 0.027602
7.15564 1.3375 0.026547
7.16025 1.3394 0.026595
7.16538 1.3381 0.025537
7.17051 1.3366 0.025531
7.17515 1.3386 0.025580
7.1803 1.3374 0.024521
7.18546 1.3360 0.024514
7.19011 1.3379 0.024562
7.19528 1.3366 0.023500
7.20046 1.3352 0.023490
7.20513 1.3369 0.023537
7.21033 1.3349 0.023519
7.21501 1.3366 0.022504
7.22022 1.3353 0.022495
7.22543 1.3343 0.022493
7.23014 1.3358 0.021473
7.23537 1.3343 0.021461
7.24061 1.3331 0.021452
7.24533 1.3346 0.021496
7.25058 1.3338 0.021496
7.25584 1.3327 0.020423
7.26058 1.3338 0.020460
7.26586 1.3326 0.020450
7.27114 1.3316 0.020444
7.2759 1.3333 0.020494
7.2812 1.3314 0.019398
7.28597 1.3324 0.019433
7.29129 1.3313 0.019423
7.29661 1.3302 0.019413
7.3014 1.3316 0.019456
7.30674 1.3308 0.019454
7.31208 1.3296 0.018368
7.31689 1.3309 0.019482
7.32225 1.3301 0.018404
7.32762 1.3289 0.018389
7.33245 1.3300 0.018429
7.33783 1.3291 0.018420
7.34322 1.3281 0.018413
7.34808 1.3295 0.018458
7.35348 1.3289 0.018457
7.35889 1.3280 0.017370
7.36377 1.3289 0.017404
7.3692 1.3272 0.017373
7.37409 1.3283 0.017414
7.37953 1.3275 0.017408
7.38498 1.3270 0.017406
7.38989 1.3281 0.016361
7.39536 1.3268 0.016343
7.40083 1.3258 0.016329
7.40576 1.3268 0.016366
7.41125 1.3260 0.016356
7.41675 1.3252 0.016349
7.4217 1.3266 0.016395
7.42721 1.3257 0.015296
7.43273 1.3245 0.015275
7.43771 1.3253 0.015308
7.44325 1.3237 0.015277
7.44823 1.3247 0.015314
7.45379 1.3238 0.015303
7.45935 1.3230 0.015291
7.46436 1.3240 0.015330
7.46993 1.3233 0.015322
7.47552 1.3226 0.015315
7.48055 1.3239 0.015361
7.48615 1.3231 0.014252
7.49176 1.3220 0.014232
7.49681 1.3227 0.014264
7.50244 1.3219 0.014250
7.50807 1.3210 0.014237
7.51315 1.3220 0.014274
7.5188 1.3206 0.014246
7.52389 1.3216 0.014285
7.52955 1.3210 0.014278
7.53523 1.3205 0.014277
7.54034 1.3214 0.013206
7.54603 1.3203 0.013184
7.55173 1.3194 0.013167
7.55687 1.3201 0.013198
7.56258 1.3194 0.013186
7.5683 1.3186 0.013172
7.57346 1.3194 0.013207
7.5792 1.3187 0.013197
7.58495 1.3181 0.013187
7.59013 1.3190 0.013226
7.5959 1.3186 0.013225
7.60167 1.3179 0.012098
7.60688 1.3184 0.012121
7.61267 1.3170 0.012087
7.61789 1.3177 0.012117
7.62369 1.3169 0.012104
7.62951 1.3162 0.012091
7.63475 1.3170 0.012124
7.64059 1.3164 0.012115
7.64643 1.3158 0.012107
7.65169 1.3169 0.012149
7.65755 1.3162 0.011012
7.66342 1.3152 0.010988
7.66871 1.3157 0.011013
7.6746 1.3149 0.010998
7.68049 1.3142 0.010983
7.6858 1.3149 0.011014
7.69172 1.3137 0.010985
7.69704 1.3145 0.011018
7.70297 1.3140 0.011010
7.70891 1.3137 0.011009
7.71426 1.3143 0.0099039
7.72022 1.3133 0.0098786
7.72618 1.3124 0.0098596
7.73156 1.3129 0.0098832
7.73754 1.3122 0.0098684
7.74353 1.3116 0.0098548
7.74893 1.3122 0.0098820
7.75494 1.3116 0.0098727
7.76096 1.3113 0.0098686
7.76639 1.3116 0.0087457
7.77242 1.3110 0.0098734
7.77847 1.3105 0.0087233
7.78392 1.3107 0.0087371
7.78998 1.3096 0.0087047
7.79545 1.3100 0.0087254
7.80153 1.3094 0.0087099
7.80762 1.3087 0.0086956
7.81311 1.3092 0.0087192
7.81922 1.3086 0.0087066
7.82534 1.3081 0.0086961
7.83085 1.3087 0.0087240
7.83699 1.3085 0.0087228
7.84314 1.3079 0.0075569
7.84868 1.3080 0.0075645
7.85484 1.3072 0.0075448
7.86102 1.3066 0.0075274
7.86658 1.3069 0.0075462
7.87278 1.3061 0.0075207
7.87836 1.3065 0.0075440
7.88457 1.3063 0.0075414
7.89079 1.3057 0.0063667
7.8964 1.3056 0.0063667
7.90264 1.3049 0.0063448
7.90889 1.3042 0.0063238
7.91452 1.3043 0.0063353
7.92079 1.3037 0.0063176
7.92707 1.3031 0.0063004
7.93273 1.3033 0.0063136
7.93903 1.3028 0.0062988
7.94534 1.3023 0.0062840
7.95102 1.3025 0.0063000
7.95735 1.3018 0.0062759
7.96305 1.3021 0.0062938
7.9694 1.3017 0.0062864
7.97575 1.3016 0.0062864
7.98148 1.3018 0.0051222
7.98786 1.3009 0.0050917
7.99424 1.3002 0.0050688
8 1.3002 0.0050745
8.00641 1.2996 0.0050559
8.01282 1.2991 0.0050390
8.0186 1.2992 0.0050480
8.02504 1.2987 0.0050325
8.03148 1.2982 0.0050187
8.03729 1.2984 0.0050316
8.04376 1.2981 0.0050225
8.05023 1.2979 0.0050230
8.05607 1.2980 0.0038416
8.06257 1.2970 0.0038025
8.06842 1.2968 0.0037999
8.07494 1.2962 0.0037792
8.08146 1.2957 0.0037613
8.08734 1.2957 0.0037661
8.09389 1.2954 0.0037563
8.10045 1.2946 0.0025282
8.10636 1.2942 0.0037122
8.11293 1.2940 0.0037079
8.11952 1.2937 0.0037007
8.12546 1.2941 0.0037193
8.13206 1.2936 0.0025001
8.13868 1.2928 0.0024676
8.14465 1.2925 0.0024576
8.15129 1.2918 0.0024297
8.15727 1.2916 0.0024235
8.16393 1.2910 0.0024037
8.1706 1.2905 0.0023842
8.17661 1.2904 0.0023799
8.18331 1.2899 0.0023620
8.19001 1.2894 0.0023448
8.19605 1.2893 0.0023425
8.20277 1.2889 0.0023274
8.20951 1.2885 0.0023136
8.21558 1.2885 0.0023165
8.22233 1.2884 0.0023153
8.2291 1.2880 0.0010793
8.2352 1.2874 0.0010519
8.24198 1.2867 0.0010240
8.24878 1.2861 0.00099945
8.25491 1.2858 0.00098443
8.26173 1.2852 0.00095987
8.26788 1.2849 0.00094700
8.27472 1.2844 0.00092602
8.28157 1.2839 0.00090647
8.28775 1.2836 0.00089359
8.29463 1.2832 0.00087452
8.30151 1.2827 0.00085640
8.30772 1.2824 0.00084543
8.31463 1.2820 0.00082874
8.32154 1.2817 0.00081372
8.32778 1.2815 0.00080848
8.33472 1.2814 0.00080729
8.34168 1.2810 0.0000
8.34794 1.2802 0.0000
8.35492 1.2796 0.0000
8.3612 1.2790 0.0000
8.3682 1.2784 0.0000
8.37521 1.2779 0.0000
8.38153 1.2774 0.0000
8.38856 1.2769 0.0000
8.3956 1.2764 0.0000
8.40195 1.2759 0.0000
8.40901 1.2754 0.0000
8.41609 1.2749 0.0000
8.42247 1.2744 0.0000
8.42957 1.2739 0.0000
8.43668 1.2734 0.0000
8.44309 1.2729 0.0000
8.45023 1.2725 0.0000
8.45737 1.2720 0.0000
8.46382 1.2715 0.0000
8.47099 1.2711 0.0000
8.47745 1.2707 0.0000
8.48464 1.2705 0.0000
8.49185 1.2700 0.0000
8.49834 1.2688 0.0000
8.50557 1.2678 0.0000
8.51281 1.2673 0.0000
8.51934 1.2666 0.0000
8.5266 1.2658 0.0000
8.53388 1.2655 0.0000
8.54044 1.2650 0.0000
8.54774 1.2645 0.0000
8.55505 1.2639 0.0000
8.56164 1.2632 0.0000
8.56898 1.2626 0.0000
8.57559 1.2617 0.0000
8.58295 1.2612 0.0000
8.59033 1.2610 0.0000
8.59697 1.2608 0.0000
8.60437 1.2604 0.0000
8.61178 1.2600 0.0000
8.61846 1.2597 0.0000
8.62589 1.2596 0.0000
8.63334 1.2591 0.0000
8.64006 1.2580 0.0000
8.64753 1.2572 0.0000
8.65501 1.2565 0.0000
8.66176 1.2557 0.0000
8.66927 1.2550 0.0000
8.67604 1.2541 0.0000
8.68357 1.2534 0.0000
8.69112 1.2526 0.0000
8.69792 1.2516 0.0000
8.70549 1.2507 0.0000
8.71308 1.2498 0.0000
8.71992 1.2486 0.0000
8.72753 1.2472 0.0000
8.73515 1.2461 0.0000
8.74202 1.2453 0.0000
8.74967 1.2439 0.0000
8.75733 1.2427 0.00020671
8.76424 1.2416 0.00014639
8.77193 1.2402 0.0014157
8.77963 1.2392 0.0027142
8.78657 1.2382 0.0026627
8.7943 1.2367 0.0052986
8.80127 1.2368 0.0066824
8.80902 1.2362 0.0080266
8.81679 1.2352 0.0093570
8.82379 1.2362 0.012184
8.83158 1.2361 0.012193
8.83939 1.2357 0.014955
8.84643 1.2381 0.016484
8.85426 1.2385 0.016526
8.86211 1.2388 0.017951
8.86918 1.2413 0.018097
8.87705 1.2417 0.018136
8.88494 1.2419 0.018169
8.89205 1.2442 0.018302
8.89996 1.2440 0.018312
8.9071 1.2462 0.017049
8.91504 1.2463 0.017077
8.92299 1.2467 0.015725
8.93017 1.2482 0.014431
8.93815 1.2476 0.013030
8.94614 1.2472 0.013031
8.95335 1.2486 0.011729
8.96138 1.2482 0.010337
8.96941 1.2477 0.0089397
8.97666 1.2480 0.0075831
8.98473 1.2470 0.0061574
8.99281 1.2458 0.0047169
9.00009 1.2454 0.0047073
9.0082 1.2447 0.0032868
9.01632 1.2434 0.0018361
9.02364 1.2426 0.0017958
9.03179 1.2415 0.00034404
9.03914 1.2405 0.00029039
9.04732 1.2392 0.0000
9.05551 1.2378 0.0000
9.0629 1.2368 0.0000
9.07112 1.2354 0.0000
9.07935 1.2343 0.0000
9.08678 1.2333 0.0000
9.09504 1.2319 0.0000
9.10332 1.2307 0.0000
9.11079 1.2293 0.0000
9.1191 1.2283 0.0000
9.12742 1.2273 0.0000
9.13492 1.2260 0.0000
9.14328 1.2252 0.0000
9.15081 1.2239 0.0000
9.15919 1.2229 0.0000
9.16758 1.2220 0.0000
9.17515 1.2207 0.0000
9.18358 1.2198 0.0000
9.19202 1.2192 0.0000
9.19963 1.2174 0.0000
9.2081 1.2160 0.0000
9.21659 1.2153 0.0000
9.22424 1.2143 0.0000
9.23276 1.2130 0.0000
9.24129 1.2118 0.0000
9.24898 1.2102 0.0000
9.25754 1.2093 0.0000
9.26526 1.2076 0.0000
9.27386 1.2064 0.0000
9.28247 1.2051 0.0000
9.29023 1.2031 0.0000
9.29887 1.2022 0.0000
9.30752 1.2012 0.0000
9.31532 1.1995 0.0000
9.32401 1.1983 0.0000
9.33271 1.1971 0.0000
9.34056 1.1953 0.0000
9.34929 1.1939 0.0000
9.35804 1.1925 0.0000
9.36593 1.1906 0.0000
9.37471 1.1890 0.0000
9.3835 1.1875 0.0000
9.39144 1.1852 0.0000
9.40026 1.1837 0.0000
9.40822 1.1811 0.0000
9.41708 1.1796 0.0000
9.42596 1.1780 0.0000
9.43396 1.1747 0.0000
9.44287 1.1725 0.0000
9.4518 1.1707 0.0000
9.45984 1.1681 0.0000
9.4688 1.1656 0.0000
9.47777 1.1627 0.0000
9.48587 1.1597 0.0000
9.49487 1.1572 0.0000
9.5039 1.1538 0.0000
9.51203 1.1502 0.0000
9.52109 1.1472 0.0000
9.52925 1.1438 0.0000
9.53834 1.1394 0.0000
9.54745 1.1352 0.0028200
9.55566 1.1320 0.0043278
9.5648 1.1278 0.0074110
9.57396 1.1238 0.010537
9.58222 1.1209 0.012139
9.59141 1.1161 0.016923
9.60061 1.1117 0.021811
9.60892 1.1106 0.025290
9.61816 1.1060 0.030266
9.62742 1.1016 0.037039
9.63577 1.1032 0.042547
9.64506 1.1000 0.047804
9.65437 1.0958 0.053062
9.66277 1.0995 0.060537
9.67212 1.0939 0.065842
9.68054 1.0991 0.071666
9.68992 1.0961 0.077196
9.69932 1.0926 0.084584
9.7078 1.0999 0.090494
9.71723 1.0972 0.098017
9.72668 1.0944 0.10561
9.7352 1.1051 0.11336
9.74469 1.1041 0.12107
9.75419 1.1028 0.12886
9.76276 1.1176 0.13645
9.77231 1.1184 0.14425
9.78186 1.1194 0.15206
9.79048 1.1399 0.15922
9.80008 1.1369 0.16533
9.80873 1.1606 0.16836
9.81836 1.1655 0.17035
9.82801 1.1703 0.17049
9.83671 1.1940 0.16960
9.8464 1.1992 0.16787
9.8561 1.2047 0.16254
9.86485 1.2260 0.15469
9.87459 1.2282 0.14790
9.88435 1.2310 0.13938
9.89315 1.2472 0.12875
9.90295 1.2465 0.11887
9.91277 1.2458 0.10737
9.92162 1.2547 0.095818
9.93147 1.2464 0.086259
9.94036 1.2516 0.076639
9.95025 1.2453 0.067085
9.96016 1.2393 0.059111
9.9691 1.2391 0.051231
9.97904 1.2316 0.046432
9.98901 1.2245 0.039969
9.998 1.2220 0.036855
10.008 1.2143 0.033532
10.0177 1.2095 0.031902
10.0274 1.2045 0.028624
10.037 1.1989 0.026927
10.0468 1.1934 0.026864
10.0565 1.1893 0.026865
10.0663 1.1843 0.025157
10.0761 1.1801 0.026808
10.0859 1.1764 0.026802
10.0957 1.1730 0.026833
10.1056 1.1692 0.026836
10.1154 1.1657 0.026854
10.1252 1.1619 0.026852
10.1352 1.1582 0.028567
10.1451 1.1551 0.028596
10.1551 1.1517 0.030350
10.165 1.1489 0.030416
10.175 1.1457 0.032199
10.185 1.1431 0.032279
10.195 1.1399 0.034086
10.205 1.1373 0.034155
10.2151 1.1340 0.035969
10.2252 1.1318 0.037867
10.2352 1.1295 0.037978
10.2454 1.1265 0.039853
10.2555 1.1242 0.039968
10.2657 1.1208 0.041820
10.2758 1.1186 0.043770
10.2861 1.1162 0.045725
10.2962 1.1143 0.045878
10.3065 1.1111 0.047813
10.3167 1.1091 0.049822
10.327 1.1066 0.049962
10.3373 1.1038 0.053799
10.3476 1.1024 0.054000
10.358 1.0993 0.056007
10.3683 1.0975 0.058085
10.3787 1.0949 0.060145
10.3891 1.0934 0.062271
10.3996 1.0914 0.064364
10.4099 1.0896 0.064580
10.4204 1.0872 0.066700
10.4309 1.0844 0.068818
10.4414 1.0828 0.070999
10.4519 1.0801 0.073157
10.4624 1.0787 0.075352
10.4731 1.0761 0.077543
10.4836 1.0748 0.079789
10.4943 1.0722 0.082015
10.5049 1.0710 0.084291
10.5156 1.0684 0.086547
10.5262 1.0667 0.088841
10.5369 1.0647 0.091124
10.5476 1.0623 0.095464
10.5583 1.0622 0.097835
10.5691 1.0601 0.10019
10.5799 1.0596 0.10258
10.5908 1.0573 0.10497
10.6015 1.0568 0.10736
10.6124 1.0545 0.10978
10.6233 1.0535 0.11221
10.6341 1.0524 0.11466
10.6451 1.0499 0.11713
10.656 1.0489 0.11961
10.667 1.0466 0.12420
10.6779 1.0471 0.12670
10.689 1.0451 0.12924
10.7 1.0451 0.13177
10.7111 1.0428 0.13434
10.7221 1.0427 0.13689
10.7333 1.0399 0.13948
10.7444 1.0395 0.14424
10.7555 1.0397 0.14682
10.7667 1.0379 0.14948
10.7778 1.0384 0.15207
10.7891 1.0362 0.15477
10.8003 1.0365 0.15739
10.8116 1.0338 0.16011
10.8229 1.0337 0.16500
10.8341 1.0343 0.16765
10.8455 1.0326 0.17041
10.8568 1.0334 0.17307
10.8683 1.0312 0.17588
10.8796 1.0316 0.17856
10.8911 1.0297 0.18366
10.9025 1.0315 0.18631
10.9141 1.0299 0.18916
10.9255 1.0304 0.19190
10.937 1.0308 0.19465
10.9486 1.0288 0.19754
10.9601 1.0299 0.20027
10.9718 1.0274 0.20326
10.9833 1.0289 0.20829
10.9951 1.0277 0.21122
11.0067 1.0296 0.21391
11.0184 1.0279 0.21692
11.0301 1.0295 0.21962
11.0419 1.0275 0.22267
11.0536 1.0278 0.22554
11.0654 1.0288 0.23071
11.0773 1.0279 0.23372
11.0891 1.0302 0.23641
11.101 1.0286 0.23949
11.1128 1.0307 0.24221
11.1248 1.0285 0.24540
11.1367 1.0314 0.25045
11.1488 1.0298 0.25121
11.1607 1.0319 0.25635
11.1728 1.0310 0.25944
11.1848 1.0328 0.26223
11.1968 1.0344 0.26504
11.209 1.0330 0.26825
11.2211 1.0358 0.27092
11.2333 1.0342 0.27418
11.2454 1.0370 0.27685
11.2577 1.0353 0.28013
11.2699 1.0380 0.28282
11.2822 1.0359 0.28622
11.2945 1.0380 0.29148
11.3067 1.0407 0.29418
11.3191 1.0398 0.29744
11.3314 1.0434 0.29998
11.3439 1.0421 0.30331
11.3563 1.0458 0.30588
11.3688 1.0444 0.30924
11.3812 1.0482 0.31179
11.3938 1.0469 0.31517
11.4063 1.0494 0.31789
11.4188 1.0518 0.32066
11.4314 1.0506 0.32406
11.444 1.0546 0.32655
11.4567 1.0534 0.32998
11.4693 1.0576 0.33244
11.4821 1.0564 0.33584
11.4948 1.0609 0.33825
11.5076 1.0603 0.34160
11.5203 1.0630 0.34179
11.5331 1.0646 0.34472
11.546 1.0627 0.34835
11.5588 1.0678 0.35318
11.5718 1.0671 0.35401
11.5847 1.0710 0.35650
11.5977 1.0695 0.36008
11.6106 1.0741 0.36245
11.6237 1.0729 0.36600
11.6367 1.0778 0.36830
11.6499 1.0769 0.37178
11.6629 1.0808 0.37428
11.676 1.0834 0.37445
11.6892 1.0823 0.38061
11.7023 1.0877 0.38017
11.7156 1.0859 0.38391
11.7288 1.0909 0.38614
11.7422 1.0898 0.38974
11.7554 1.0953 0.39187
11.7689 1.0950 0.39532
11.7822 1.0986 0.39526
11.7955 1.1012 0.39802
11.809 1.1001 0.40166
11.8224 1.1058 0.40371
11.836 1.1054 0.40721
11.8495 1.1108 0.40671
11.8631 1.1090 0.41053
11.8766 1.1146 0.41260
11.8903 1.1142 0.41611
11.9039 1.1182 0.41591
11.9175 1.1212 0.41858
11.9313 1.1207 0.42215
11.945 1.1262 0.42159
11.9589 1.1243 0.42550
11.9726 1.1300 0.42751
11.9865 1.1292 0.43114
12.0003 1.1360 0.43287
12.0143 1.1352 0.43389
12.0282 1.1395 0.43625
12.0421 1.1431 0.43612
12.0562 1.1418 0.43993
12.0702 1.1471 0.43935
12.0843 1.1461 0.44575
12.0983 1.1530 0.44476
12.1125 1.1521 0.44848
12.1267 1.1584 0.44766
12.1409 1.1572 0.45147
12.1551 1.1633 0.45067
12.1694 1.1619 0.45451
12.1837 1.1661 0.45422
12.1979 1.1695 0.45681
12.2124 1.1690 0.46046
12.2267 1.1753 0.45957
12.2413 1.1738 0.46351
12.2557 1.1809 0.46504
12.2702 1.1800 0.46615
12.2847 1.1866 0.46785
12.2994 1.1856 0.46898
12.3139 1.1904 0.47119
12.3285 1.1946 0.47086
12.3432 1.1937 0.47463
12.3579 1.2003 0.47363
12.3727 1.1993 0.47748
12.3874 1.2060 0.47644
12.4023 1.2050 0.48029
12.4171 1.2118 0.47920
12.4321 1.2111 0.48297
12.4469 1.2165 0.48227
12.4618 1.2202 0.48205
12.4769 1.2193 0.48588
12.4919 1.2265 0.48468
12.507 1.2247 0.48607
12.5221 1.2314 0.48770
12.5373 1.2307 0.48878
12.5524 1.2367 0.48790
12.5677 1.2355 0.49183
12.5829 1.2405 0.49126
12.5981 1.2451 0.49347
12.6135 1.2448 0.49447
12.6288 1.2512 0.49344
12.6443 1.2504 0.49728
12.6597 1.2579 0.49594
12.6752 1.2568 0.49716
12.6907 1.2633 0.49613
12.7063 1.2614 0.49759
12.7218 1.2663 0.49970
12.7374 1.2712 0.49916
12.7532 1.2697 0.50050
12.7688 1.2768 0.50197
12.7846 1.2765 0.50298
12.8003 1.2835 0.50179
12.8162 1.2821 0.50312
12.832 1.2883 0.50213
12.848 1.2873 0.50605
12.8639 1.2950 0.50463
12.88 1.2940 0.50584
12.8959 1.2990 0.50527
12.9119 1.3029 0.50499
12.9281 1.3025 0.50869
12.9441 1.3095 0.50481
12.9604 1.3079 0.50889
12.9766 1.3156 0.50748
12.9929 1.3146 0.50869
13.0091 1.3218 0.50746
13.0256 1.3205 0.50872
13.0419 1.3275 0.50752
13.0584 1.3263 0.50881
13.0748 1.3314 0.50819
13.0912 1.3357 0.50779
13.1079 1.3347 0.50904
13.1244 1.3416 0.50785
13.1411 1.3403 0.50915
13.1577 1.3473 0.50796
13.1745 1.3460 0.50927
13.1912 1.3530 0.50808
13.2081 1.3518 0.50937
13.2249 1.3570 0.50872
13.2417 1.3614 0.50826
13.2587 1.3605 0.50946
13.2756 1.3678 0.50817
13.2927 1.3671 0.50932
13.3097 1.3736 0.50561
13.3269 1.3724 0.50958
13.344 1.3798 0.50557
13.3613 1.3779 0.50705
13.3785 1.3829 0.50647
13.3957 1.3875 0.50600
13.4131 1.3871 0.50705
13.4304 1.3939 0.50326
13.4479 1.3919 0.50476
13.4653 1.3988 0.50361
13.4829 1.3980 0.50478
13.5004 1.4046 0.50105
13.5181 1.4026 0.50258
13.5356 1.4074 0.50206
13.5533 1.4120 0.50161
13.5711 1.4116 0.50262
13.5888 1.4185 0.49883
13.6067 1.4167 0.50029
13.6245 1.4240 0.49904
13.6426 1.4226 0.49771
13.6605 1.4288 0.49678
13.6786 1.4282 0.49788
13.6966 1.4330 0.49471
13.7146 1.4371 0.49442
13.7329 1.4356 0.49313
13.751 1.4416 0.49226
13.7694 1.4408 0.49342
13.7876 1.4474 0.48972
13.8061 1.4459 0.49108
13.8244 1.4522 0.48751
13.8429 1.4503 0.48898
13.8614 1.4574 0.48781
13.88 1.4563 0.48642
13.8985 1.4610 0.48594
13.9171 1.4651 0.48301
13.9359 1.4641 0.48423
13.9546 1.4708 0.48055
13.9735 1.4686 0.47946
13.9923 1.4746 0.47864
14.0113 1.4730 0.47739
14.0302 1.4791 0.47651
14.0493 1.4776 0.47524
14.0683 1.4838 0.47436
14.0875 1.4824 0.47303
14.1066 1.4870 0.47260
14.1257 1.4914 0.46966
14.1451 1.4897 0.46838
14.1643 1.4948 0.46522
14.1838 1.4929 0.46666
14.2031 1.4988 0.46330
14.2227 1.4972 0.46463
14.2422 1.5015 0.46170
14.2617 1.5054 0.46149
14.2814 1.5046 0.46000
14.301 1.5101 0.45674
14.3209 1.5090 0.45794
14.3406 1.5146 0.45209
14.3606 1.5122 0.45364
14.3804 1.5180 0.45031
14.4005 1.5156 0.44926
14.4204 1.5211 0.44862
14.4406 1.5195 0.44734
14.4607 1.5238 0.44704
14.4808 1.5280 0.44419
14.5012 1.5266 0.44287
14.5214 1.5319 0.43968
14.5419 1.5296 0.43863
14.5622 1.5352 0.43797
14.5828 1.5342 0.43653
14.6032 1.5398 0.43331
14.6239 1.5382 0.43204
14.6445 1.5418 0.42935
14.6651 1.5449 0.42684
14.686 1.5433 0.42556
14.7067 1.5480 0.42129
14.7278 1.5452 0.42029
14.7486 1.5498 0.41801
14.7697 1.5471 0.41574
14.7907 1.5515 0.41480
14.812 1.5492 0.41260
14.8331 1.5518 0.41151
14.8542 1.5544 0.40953
14.8756 1.5524 0.40855
14.8969 1.5566 0.40573
14.9185 1.5546 0.40602
14.9399 1.5591 0.40229
14.9615 1.5565 0.40165
14.9831 1.5605 0.39915
15.0049 1.5583 0.39946
15.0265 1.5614 0.39718
15.0482 1.5638 0.39528
15.0702 1.5617 0.39426
15.0921 1.5658 0.39173
15.1142 1.5634 0.39102
15.1361 1.5672 0.38876
15.1584 1.5653 0.38921
15.1805 1.5699 0.38655
15.2029 1.5679 0.38554
15.2251 1.5720 0.38300
15.2476 1.5699 0.38202
15.27 1.5723 0.37969
15.2924 1.5740 0.37776
15.3151 1.5722 0.37816
15.3377 1.5763 0.37458
15.3605 1.5735 0.37374
15.3832 1.5773 0.37276
15.4062 1.5755 0.37168
15.429 1.5794 0.36922
15.4521 1.5772 0.36842
15.4751 1.5796 0.36634
15.4981 1.5813 0.36438
15.5214 1.5789 0.36364
15.5446 1.5827 0.36248
15.5681 1.5809 0.36158
15.5914 1.5847 0.35914
15.615 1.5825 0.35814
15.6384 1.5861 0.35597
15.6622 1.5838 0.35498
15.6858 1.5870 0.35269
15.7097 1.5851 0.35308
15.7334 1.5872 0.34979
15.7572 1.5888 0.34935
15.7813 1.5870 0.34821
15.8053 1.5905 0.34607
15.8295 1.5883 0.34524
15.8536 1.5917 0.34311
15.8781 1.5895 0.34209
15.9023 1.5926 0.33983
15.9269 1.5901 0.33906
15.9513 1.5923 0.33849
15.9757 1.5939 0.33552
16.0005 1.5916 0.33594
16.0251 1.5951 0.33341
16.0501 1.5928 0.33278
16.0748 1.5960 0.33072
16.0999 1.5936 0.32989
16.1249 1.5965 0.32791
16.1501 1.5944 0.32827
16.1752 1.5966 0.32622
16.2004 1.5982 0.32453
16.2259 1.5960 0.32365
16.2512 1.5994 0.32260
16.2768 1.5974 0.32022
16.3023 1.5996 0.31818
16.3281 1.5971 0.31839
16.3538 1.6001 0.31660
16.3797 1.5978 0.31593
16.4055 1.5995 0.31504
16.4314 1.6009 0.31315
16.4577 1.5990 0.31345
16.4837 1.6024 0.31156
16.5101 1.6001 0.30943
16.5363 1.6026 0.30879
16.5629 1.6003 0.30765
16.5893 1.6031 0.30675
16.616 1.6011 0.30580
16.6425 1.6042 0.30502
16.6694 1.6022 0.30279
16.6962 1.6034 0.30220
16.723 1.6047 0.30055
16.7501 1.6029 0.30060
16.7771 1.6054 0.29742
16.8045 1.6026 0.29787
16.8316 1.6057 0.29732
16.8591 1.6041 0.29625
16.8865 1.6067 0.29410
16.9142 1.6042 0.29321
16.9417 1.6057 0.29279
16.9693 1.6069 0.29113
16.9973 1.6050 0.29118
17.025 1.6077 0.28922
17.0532 1.6053 0.28849
17.0812 1.6081 0.28803
17.1095 1.6062 0.28676
17.1377 1.6084 0.28491
17.1662 1.6068 0.28637
17.1945 1.6082 0.28233
17.223 1.6089 0.28333
17.2518 1.6074 0.28220
17.2804 1.6099 0.28049
17.3094 1.6075 0.27974
17.3382 1.6099 0.27912
17.3674 1.6078 0.27810
17.3964 1.6102 0.27748
17.4259 1.6081 0.27669
17.4551 1.6094 0.27629
17.4844 1.6110 0.27603
17.5141 1.6095 0.27487
17.5436 1.6119 0.27318
17.5735 1.6100 0.27339
17.6032 1.6120 0.27047
17.6333 1.6098 0.27247
17.6632 1.6128 0.27045
17.6935 1.6110 0.27062
17.7236 1.6125 0.26889
17.7538 1.6137 0.26869
17.7844 1.6120 0.26757
17.8148 1.6146 0.26712
17.8457 1.6129 0.26599
17.8763 1.6148 0.26439
17.9073 1.6131 0.26585
17.9382 1.6155 0.26283
17.9695 1.6137 0.26473
18.0005 1.6171 0.26307
18.032 1.6150 0.26089
18.0633 1.6159 0.26164
18.0946 1.6178 0.26132
18.1265 1.6166 0.26007
18.158 1.6189 0.25837
18.1901 1.6171 0.25854
18.2219 1.6195 0.25704
18.2542 1.6179 0.25717
18.2862 1.6203 0.25545
18.3187 1.6185 0.25561
18.351 1.6207 0.25413
18.3837 1.6192 0.25554
18.4162 1.6218 0.25488
18.4488 1.6233 0.25202
18.4819 1.6215 0.25218
18.5147 1.6240 0.25087
18.5481 1.6219 0.24996
18.5811 1.6241 0.25046
18.6147 1.6239 0.25189
18.648 1.6264 0.24882
18.6815 1.6280 0.24834
18.7154 1.6263 0.24601
18.7491 1.6287 0.24672
18.7832 1.6278 0.24579
18.8172 1.6308 0.24486
18.8516 1.6306 0.24491
18.8857 1.6333 0.24002
18.9204 1.6309 0.23980
18.9548 1.6332 0.23872
18.9897 1.6317 0.23791
19.0244 1.6330 0.23657
19.0592 1.6341 0.23570
19.0945 1.6328 0.23526
19.1296 1.6353 0.23371
19.1652 1.6338 0.23288
19.2005 1.6359 0.23139
19.2363 1.6345 0.23140
19.2719 1.6371 0.22983
19.308 1.6358 0.22893
19.3439 1.6371 0.22758
19.3798 1.6383 0.22671
19.4163 1.6370 0.22580
19.4526 1.6393 0.22473
19.4894 1.6380 0.22381
19.5259 1.6402 0.22230
19.563 1.6388 0.22186
19.5998 1.6412 0.22074
19.6371 1.6401 0.21981
19.6742 1.6424 0.21829
19.7118 1.6413 0.21775
19.7492 1.6427 0.21593
19.7867 1.6438 0.21463
19.8247 1.6424 0.21369
19.8626 1.6446 0.21260
19.9009 1.6433 0.21122
19.939 1.6453 0.21019
19.9776 1.6441 0.20922
20.016 1.6455 0.20829
20.0545 1.6467 0.20647
20.0936 1.6454 0.20596
20.1325 1.6476 0.20442
20.1719 1.6465 0.20343
20.211 1.6486 0.20193
20.2507 1.6473 0.20049
20.2901 1.6492 0.19947
20.3302 1.6481 0.19844
20.3699 1.6503 0.19693
20.4102 1.6490 0.19503
20.4503 1.6500 0.19415
20.4905 1.6508 0.19235
20.5314 1.6497 0.19221
20.5719 1.6520 0.19022
20.613 1.6508 0.18875
20.6539 1.6525 0.18684
20.6954 1.6511 0.18582
20.7366 1.6527 0.18392
20.7784 1.6513 0.18290
20.8199 1.6522 0.18154
20.8616 1.6530 0.18021
20.9039 1.6519 0.17914
20.9459 1.6536 0.17721
20.9886 1.6520 0.17571
21.0309 1.6532 0.17432
21.0739 1.6521 0.17415
21.1166 1.6541 0.17215
21.16 1.6529 0.17060
21.2031 1.6534 0.16838
21.2463 1.6537 0.16751
21.2902 1.6526 0.16640
21.3338 1.6539 0.16449
21.378 1.6523 0.16299
21.422 1.6533 0.16204
21.4666 1.6522 0.16135
21.5109 1.6537 0.15942
21.5559 1.6524 0.15830
21.6006 1.6536 0.15640
21.646 1.6523 0.15574
21.691 1.6530 0.15389
21.7363 1.6536 0.15251
21.7822 1.6519 0.15003
21.8279 1.6524 0.14957
21.8742 1.6510 0.14843
21.9202 1.6523 0.14788
21.9669 1.6513 0.14621
22.0133 1.6525 0.14474
22.0604 1.6511 0.14311
22.1073 1.6516 0.14220
22.1543 1.6521 0.14031
22.202 1.6506 0.13868
22.2494 1.6511 0.13725
22.2975 1.6497 0.13655
22.3454 1.6509 0.13554
22.3939 1.6495 0.13337
22.4422 1.6501 0.13242
22.4911 1.6487 0.13120
22.5398 1.6494 0.13070
22.5887 1.6498 0.12831
22.6383 1.6484 0.12707
22.6876 1.6489 0.12516
22.7376 1.6473 0.12442
22.7873 1.6480 0.12294
22.8378 1.6467 0.12217
22.888 1.6476 0.12066
22.9389 1.6461 0.11892
22.9896 1.6461 0.11797
23.0404 1.6462 0.11656
23.092 1.6450 0.11571
23.1433 1.6454 0.11329
23.1954 1.6438 0.11299
23.2472 1.6442 0.11149
23.2997 1.6434 0.11157
23.3519 1.6441 0.10858
23.405 1.6427 0.10823
23.4577 1.6431 0.10577
23.5112 1.6417 0.10542
23.5643 1.6417 0.10346
23.6178 1.6415 0.10246
23.672 1.6400 0.10064
23.7259 1.6401 0.10012
23.7806 1.6392 0.099214
23.8351 1.6395 0.097160
23.8903 1.6382 0.096283
23.9452 1.6382 0.094279
24.001 1.6369 0.094350
24.0564 1.6374 0.092286
24.1127 1.6363 0.091366
24.1686 1.6356 0.088390
24.2248 1.6349 0.088880
24.2819 1.6339 0.087447
24.3386 1.6344 0.086854
24.3962 1.6332 0.084377
24.4535 1.6329 0.083348
24.5116 1.6316 0.082368
24.5694 1.6315 0.081318
24.6275 1.6313 0.079741
24.6865 1.6298 0.077772
24.7451 1.6295 0.077211
24.8047 1.6281 0.075710
24.8639 1.6284 0.075627
24.924 1.6272 0.072571
24.9838 1.6269 0.072493
25.0445 1.6255 0.069931
25.1048 1.6255 0.070362
25.1661 1.6243 0.067256
25.227 1.6235 0.066698
25.2883 1.6227 0.064587
25.3505 1.6212 0.064570
25.4123 1.6213 0.062923
25.4751 1.6199 0.061334
25.5376 1.6196 0.060176
25.601 1.6179 0.058077
25.6641 1.6174 0.058002
25.7281 1.6162 0.055857
25.7918 1.6157 0.055233
25.8558 1.6145 0.051997
25.9208 1.6127 0.052471
25.9855 1.6120 0.050251
26.0512 1.6109 0.050712
26.1165 1.6105 0.047387
26.1828 1.6086 0.046805
26.2488 1.6076 0.045084
26.3158 1.6063 0.045016
26.3824 1.6056 0.042707
26.4494 1.6041 0.041018
26.5175 1.6023 0.040396
26.5851 1.6015 0.039156
26.6539 1.6003 0.038493
26.7222 1.5992 0.035651
26.7917 1.5973 0.035537
26.8608 1.5961 0.033211
26.9309 1.5945 0.033642
27.0008 1.5934 0.030719
27.0709 1.5920 0.030593
27.1422 1.5900 0.027679
27.2131 1.5884 0.028092
27.2851 1.5868 0.026260
27.3568 1.5858 0.026067
27.4296 1.5840 0.023122
27.502 1.5821 0.022399
27.5756 1.5802 0.021666
27.6488 1.5789 0.020321
27.7231 1.5772 0.019014
27.7971 1.5746 0.015980
27.8715 1.5725 0.017527
27.947 1.5707 0.015036
28.0222 1.5692 0.015407
28.0986 1.5669 0.011740
28.1746 1.5645 0.012689
28.2518 1.5622 0.010158
28.3286 1.5601 0.011096
28.4067 1.5580 0.0085285
28.4843 1.5555 0.0082889
28.5625 1.5530 0.0068917
28.6418 1.5505 0.0072188
28.7208 1.5487 0.0063689
28.801 1.5460 0.0043600
28.8809 1.5435 0.0046780
28.962 1.5406 0.0026460
29.0428 1.5382 0.0041752
29.1248 1.5356 0.0014827
29.2065 1.5328 0.0024264
29.2894 1.5296 0.0000
29.372 1.5268 0.0024948
29.4551 1.5244 0.00038004
29.5395 1.5218 0.0013251
29.6235 1.5186 0.0000
29.7089 1.5150 0.00011873
29.7938 1.5121 0.0000
29.8802 1.5090 0.00014305
29.9661 1.5060 0.0000
30.0535 1.5021 0.0000
30.1405 1.4987 0.0011885
30.2279 1.4953 0.00027514
30.3168 1.4921 0.0029666
30.4053 1.4885 0.0011706
30.4952 1.4846 0.0046203
30.5848 1.4813 0.0047870
30.6758 1.4785 0.0089717
30.7664 1.4760 0.0078001
30.8585 1.4726 0.010696
30.9502 1.4696 0.011587
31.0424 1.4671 0.015183
31.1362 1.4649 0.016053
31.2295 1.4625 0.017646
31.3244 1.4598 0.019260
31.4189 1.4571 0.020888
31.5149 1.4549 0.024613
31.6106 1.4531 0.024849
31.7078 1.4507 0.027944
31.8046 1.4481 0.027519
31.902 1.4460 0.032785
32.001 1.4441 0.033060
32.0996 1.4429 0.036928
32.1999 1.4407 0.035818
32.2997 1.4381 0.039015
32.4013 1.4357 0.041569
32.5024 1.4347 0.044824
32.6052 1.4330 0.045871
32.7075 1.4310 0.046985
32.8116 1.4288 0.051077
32.9153 1.4276 0.052147
33.0196 1.4263 0.054794
33.1257 1.4233 0.054481
33.2314 1.4216 0.060157
33.3389 1.4197 0.061359
33.4459 1.4196 0.066349
33.5548 1.4180 0.065216
33.6632 1.4165 0.068762
33.7735 1.4140 0.070006
33.8834 1.4131 0.075162
33.9939 1.4131 0.076319
34.1064 1.4111 0.077636
34.2185 1.4102 0.079685
34.3324 1.4070 0.080267
34.4459 1.4056 0.085611
34.5614 1.4039 0.087774
34.6765 1.4038 0.091438
34.7935 1.4012 0.091256
34.9101 1.4005 0.097511
35.0287 1.3989 0.098102
35.1469 1.3986 0.10360
35.2659 1.3980 0.10247
35.387 1.3951 0.10737
35.5076 1.3952 0.11044
35.6303 1.3942 0.11445
35.7526 1.3944 0.11410
35.877 1.3906 0.11583
36.001 1.3889 0.12166
36.1259 1.3892 0.12658
36.2529 1.3888 0.12981
36.3795 1.3882 0.12872
36.5083 1.3853 0.13573
36.6367 1.3857 0.13809
36.7674 1.3850 0.14502
36.8976 1.3861 0.14386
37.0302 1.3839 0.15008
37.1623 1.3847 0.15163
37.2967 1.3834 0.15786
37.4308 1.3849 0.16025
37.5657 1.3860 0.16270
37.7031 1.3843 0.16364
37.8401 1.3822 0.16286
37.9795 1.3784 0.17328
38.1185 1.3804 0.17758
38.2599 1.3798 0.18314
38.401 1.3812 0.18472
38.5446 1.3806 0.19322
38.6877 1.3827 0.19383
38.8319 1.3841 0.19927
38.9788 1.3827 0.20039
39.1252 1.3843 0.20686
39.2742 1.3842 0.21164
39.4228 1.3883 0.21589
39.5742 1.3877 0.21604
39.7251 1.3885 0.21887
39.8788 1.3879 0.22683
40.032 1.3906 0.22745
40.1865 1.3910 0.22947
40.3437 1.3872 0.23312
40.5006 1.3905 0.24457
40.6603 1.3912 0.24559
40.8197 1.3947 0.25114
40.9819 1.3933 0.25263
41.1438 1.3960 0.26040
41.3087 1.3955 0.26473
41.4731 1.4008 0.27311
41.6406 1.4024 0.27515
41.8078 1.4050 0.27799
41.9762 1.4078 0.28390
42.1479 1.4081 0.28932
42.3191 1.4149 0.29654
42.4935 1.4164 0.29658
42.6676 1.4217 0.30214
42.8449 1.4202 0.30080
43.0219 1.4235 0.31408
43.2003 1.4300 0.31622
43.3821 1.4329 0.32343
43.5635 1.4391 0.32047
43.7484 1.4390 0.32943
43.9329 1.4464 0.33252
44.1209 1.4489 0.33886
44.3086 1.4567 0.33979
44.4998 1.4573 0.34344
44.6907 1.4653 0.35071
44.8853 1.4691 0.35368
45.0796 1.4772 0.35775
45.2755 1.4830 0.35492
45.4752 1.4853 0.36468
45.6746 1.4947 0.36313
45.8779 1.4990 0.37141
46.0808 1.5085 0.36554
46.2877 1.5105 0.37225
46.4943 1.5196 0.37082
46.705 1.5234 0.37714
46.9153 1.5338 0.37427
47.1298 1.5370 0.37651
47.344 1.5448 0.37543
47.5602 1.5509 0.37478
47.7806 1.5553 0.38103
48.0008 1.5662 0.37591
48.2253 1.5699 0.37703
48.4496 1.5762 0.36768
48.6784 1.5776 0.37795
48.9069 1.5877 0.37208
49.14 1.5918 0.37630
49.373 1.5978 0.36490
49.6081 1.6022 0.37123
49.848 1.6052 0.36819
50.0877 1.6149 0.37112
50.3322 1.6180 0.36366
50.5766 1.6233 0.36112
50.8259 1.6250 0.36492
51.0751 1.6345 0.36247
51.3294 1.6386 0.36139
51.5836 1.6428 0.35033
51.8403 1.6464 0.35585
52.1023 1.6484 0.35192
52.3642 1.6582 0.35607
52.6316 1.6597 0.34228
52.8989 1.6651 0.34752
53.1717 1.6660 0.33929
53.4445 1.6735 0.34525
53.723 1.6759 0.33440
54.0015 1.6793 0.33452
54.2829 1.6834 0.33001
54.5703 1.6839 0.33076
54.8576 1.6920 0.32881
55.1511 1.6933 0.32150
55.4447 1.6974 0.31692
55.7445 1.6921 0.30857
56.0444 1.6968 0.32324
56.3507 1.7002 0.31424
56.6572 1.7085 0.31907
56.9703 1.7078 0.30168
57.2836 1.7098 0.31241
57.6004 1.7154 0.30400
57.924 1.7183 0.30892
58.2479 1.7243 0.29338
58.5789 1.7197 0.29152
58.9102 1.7210 0.29079
59.2487 1.7218 0.29731
59.5877 1.7302 0.29296
59.9341 1.7282 0.28340
60.2809 1.7306 0.29081
60.6318 1.7343 0.28366
60.9905 1.7378 0.29339
61.3497 1.7440 0.27621
61.717 1.7436 0.28424
62.0848 1.7484 0.27200
62.461 1.7504 0.28209
62.8378 1.7567 0.26462
63.2231 1.7534 0.26585
63.6092 1.7544 0.25891
64.0041 1.7531 0.26720
64.3998 1.7597 0.26557
64.8004 1.7639 0.26051
65.2103 1.7653 0.26096
65.6211 1.7679 0.25109
66.0415 1.7693 0.26292
66.4628 1.7772 0.25208
66.8941 1.7823 0.25830
67.3265 1.7844 0.23312
67.7645 1.7842 0.24651
68.2128 1.7857 0.23528
68.6625 1.7933 0.24501
69.1228 1.7943 0.22216
69.5846 1.7950 0.23034
70.0574 1.7969 0.22406
70.5318 1.8038 0.22615
71.0177 1.8072 0.21429
71.5052 1.8089 0.20523
72.0046 1.8065 0.20069
72.5058 1.8021 0.18955
73.014 1.8039 0.20717
73.5348 1.8077 0.19351
74.0576 1.8138 0.19847
74.5935 1.8122 0.17576
75.1315 1.8125 0.18695
75.683 1.8115 0.17073
76.2369 1.8155 0.18296
76.8049 1.8126 0.15552
77.3754 1.8091 0.17298
77.9545 1.8155 0.16811
78.5484 1.8182 0.16373
79.1452 1.8190 0.15082
79.7575 1.8137 0.15002
80.3729 1.8198 0.15959
81.0045 1.8234 0.14174
81.6393 1.8236 0.13731
82.291 1.8143 0.11882
0.20000E+03 0.17713E+01 0.38067E-01
0.25000E+03 0.17344E+01 0.17932E-01
0.35000E+03 0.17340E+01 0.90366E-02
0.45000E+03 0.17255E+01 0.69066E-02
0.50000E+03 0.17248E+01 0.61724E-02
0.60000E+03 0.17233E+01 0.53259E-02
0.80000E+03 0.17226E+01 0.40571E-02
0.10000E+04 0.17217E+01 0.32411E-02
0.13000E+04 0.17203E+01 0.25613E-02
0.15000E+04 0.17204E+01 0.22502E-02
0.20000E+04 0.17088E+01 0.16573E-02
0.26000E+04 0.17143E+01 0.12693E-02
0.30000E+04 0.17222E+01 0.11055E-02
0.57000E+04 0.17222E+01 0.61713E-03
0.96000E+04 0.17222E+01 0.44780E-03
0.30000E+05 0.17222E+01 0.24170E-03
0.10000E+06 0.17222E+01 0.45000E-04
